武将id			星数	星级系数	星级属性	进阶消耗，1升2使用2星消耗，合成使用1星消耗	技能																																																								
captain_id			star	coef	sprite_stat	cost	spell	spell	spell	spell	spell																																																				
1	荆轲	1	1	0.8	13301001	13301001	13111001	13121001	13101508				13111001	13221001						1	1	0.8		1	2	3	2	3	2	3	2	3	3	2	1	2	2	1	2	1	2	3	3	2	1	3	2	3	2	3	3	3	3	3	3	3	3	3	3	1	3	1	1
1	荆轲	1	2	0.9	13302001	13302001	13111001	13122001	13101508				13112001							1	2	0.9		1	2	3	2	3	2	3	2	3	3	2	1	2	2	1	2	1	2	3	3	2	1	3	2	3	2	3	3	3	3	3	3	3	3	3	3	1	3	1	1
1	荆轲	1	3	1	13303001	13303001	13111001	13123001	13101508				13113001							1	3	1		1	2	3	2	3	2	3	2	3	3	2	1	2	2	1	2	1	2	3	3	2	1	3	2	3	2	3	3	3	3	3	3	3	3	3	3	1	3	1	1
1	荆轲	1	4	1.1	13304001	13304001	13111001	13124001	13101508				13114001							1	4	1.1		1	2	3	2	3	2	3	2	3	3	2	1	2	2	1	2	1	2	3	3	2	1	3	2	3	2	3	3	3	3	3	3	3	3	3	3	1	3	1	1
1	荆轲	1	5	1.2	13305001	13305001	13111001	13125001	13101508				13115001							1	5	1.2		1	2	3	2	3	2	3	2	3	3	2	1	2	2	1	2	1	2	3	3	2	1	3	2	3	2	3	3	3	3	3	3	3	3	3	3	1	3	1	1
2	庞涓	2	1	1	13301002	13301002	13111002	13121002	13100202	13141018										2	1	1		2	3	2	3	2	3	2	3	3	2	1	2	2	1	2	1	2	3	3	2	1	3	2	3	2	3	3	3	3	3	3	3	3	3	3	1	3	1	1	0
2	庞涓	2	2	1.12	13302002	13302002	13111002	13122002	13100202	13142018										2	2	1.12		2	3	2	3	2	3	2	3	3	2	1	2	2	1	2	1	2	3	3	2	1	3	2	3	2	3	3	3	3	3	3	3	3	3	3	1	3	1	1	0
2	庞涓	2	3	1.24	13303002	13303002	13111002	13123002	13100202	13143018										2	3	1.24		2	3	2	3	2	3	2	3	3	2	1	2	2	1	2	1	2	3	3	2	1	3	2	3	2	3	3	3	3	3	3	3	3	3	3	1	3	1	1	0
2	庞涓	2	4	1.36	13304002	13304002	13111002	13124002	13100202	13144018										2	4	1.36		2	3	2	3	2	3	2	3	3	2	1	2	2	1	2	1	2	3	3	2	1	3	2	3	2	3	3	3	3	3	3	3	3	3	3	1	3	1	1	0
2	庞涓	2	5	1.48	13305002	13305002	13111002	13125002	13100202	13145018										2	5	1.48		2	3	2	3	2	3	2	3	3	2	1	2	2	1	2	1	2	3	3	2	1	3	2	3	2	3	3	3	3	3	3	3	3	3	3	1	3	1	1	0
3	伍子胥	3	1	1.2	13301003	13301003	13111003	13121003	13100202	13141003	13101512									3	1	1.2		3	2	3	2	3	2	3	3	2	1	2	2	1	2	1	2	3	3	2	1	3	2	3	2	3	3	3	3	3	3	3	3	3	3	1	3	1	1	0	0
3	伍子胥	3	2	1.35	13302003	13302003	13111003	13122003	13100202	13142003	13102512									3	2	1.35		3	2	3	2	3	2	3	3	2	1	2	2	1	2	1	2	3	3	2	1	3	2	3	2	3	3	3	3	3	3	3	3	3	3	1	3	1	1	0	0
3	伍子胥	3	3	1.5	13303003	13303003	13111003	13123003	13100202	13143003	13103512									3	3	1.5		3	2	3	2	3	2	3	3	2	1	2	2	1	2	1	2	3	3	2	1	3	2	3	2	3	3	3	3	3	3	3	3	3	3	1	3	1	1	0	0
3	伍子胥	3	4	1.65	13304003	13304003	13111003	13124003	13100202	13144003	13104512									3	4	1.65		3	2	3	2	3	2	3	3	2	1	2	2	1	2	1	2	3	3	2	1	3	2	3	2	3	3	3	3	3	3	3	3	3	3	1	3	1	1	0	0
3	伍子胥	3	5	1.8	13305003	13305003	13111003	13125003	13100202	13145003	13105512									3	5	1.8		3	2	3	2	3	2	3	3	2	1	2	2	1	2	1	2	3	3	2	1	3	2	3	2	3	3	3	3	3	3	3	3	3	3	1	3	1	1	0	0
4	田忌	2	1	1	13301004	13301004	13111004	13121004	13101507	13141004														2	3	2	3	2	3	3	2	1	2	2	1	2	1	2	3	3	2	1	3	2	3	2	3	3	3	3	3	3	3	3	3	3	1	3	1	1	0	0	0
4	田忌	2	2	1.12	13302004	13302004	13111004	13122004	13101507	13142004									B	A	S			2	3	2	3	2	3	3	2	1	2	2	1	2	1	2	3	3	2	1	3	2	3	2	3	3	3	3	3	3	3	3	3	3	1	3	1	1	0	0	0
4	田忌	2	3	1.24	13303004	13303004	13111004	13123004	13101507	13143004								1	0.8	1	1.2			2	3	2	3	2	3	3	2	1	2	2	1	2	1	2	3	3	2	1	3	2	3	2	3	3	3	3	3	3	3	3	3	3	1	3	1	1	0	0	0
4	田忌	2	4	1.36	13304004	13304004	13111004	13124004	13101507	13144004								2	0.9	1.12	1.35			2	3	2	3	2	3	3	2	1	2	2	1	2	1	2	3	3	2	1	3	2	3	2	3	3	3	3	3	3	3	3	3	3	1	3	1	1	0	0	0
4	田忌	2	5	1.48	13305004	13305004	13111004	13125004	13101507	13145004								3	1	1.24	1.5			2	3	2	3	2	3	3	2	1	2	2	1	2	1	2	3	3	2	1	3	2	3	2	3	3	3	3	3	3	3	3	3	3	1	3	1	1	0	0	0
5	屈原	3	1	1.2	13301005	13301005	13111005	13121005	13100201									4	1.1	1.36	1.65			3	2	3	2	3	3	2	1	2	2	1	2	1	2	3	3	2	1	3	2	3	2	3	3	3	3	3	3	3	3	3	3	1	3	1	1	0	0	0	0
5	屈原	3	2	1.35	13302005	13302005	13111005	13122005	13100201									5	1.2	1.48	1.8			3	2	3	2	3	3	2	1	2	2	1	2	1	2	3	3	2	1	3	2	3	2	3	3	3	3	3	3	3	3	3	3	1	3	1	1	0	0	0	0
5	屈原	3	3	1.5	13303005	13303005	13111005	13123005	13100201															3	2	3	2	3	3	2	1	2	2	1	2	1	2	3	3	2	1	3	2	3	2	3	3	3	3	3	3	3	3	3	3	1	3	1	1	0	0	0	0
5	屈原	3	4	1.65	13304005	13304005	13111005	13124005	13100201															3	2	3	2	3	3	2	1	2	2	1	2	1	2	3	3	2	1	3	2	3	2	3	3	3	3	3	3	3	3	3	3	1	3	1	1	0	0	0	0
5	屈原	3	5	1.8	13305005	13305005	13111005	13125005	13100201															3	2	3	2	3	3	2	1	2	2	1	2	1	2	3	3	2	1	3	2	3	2	3	3	3	3	3	3	3	3	3	3	1	3	1	1	0	0	0	0
6	苏秦	2	1	1	13301006	13301006	13111006	13121006	13101507	13141006					13141004									2	3	2	3	3	2	1	2	2	1	2	1	2	3	3	2	1	3	2	3	2	3	3	3	3	3	3	3	3	3	3	1	3	1	1	0	0	0	0	0
6	苏秦	2	2	1.12	13302006	13302006	13111006	13122006	13101507	13142006					13142004									2	3	2	3	3	2	1	2	2	1	2	1	2	3	3	2	1	3	2	3	2	3	3	3	3	3	3	3	3	3	3	1	3	1	1	0	0	0	0	0
6	苏秦	2	3	1.24	13303006	13303006	13111006	13123006	13101507	13143006					13143004									2	3	2	3	3	2	1	2	2	1	2	1	2	3	3	2	1	3	2	3	2	3	3	3	3	3	3	3	3	3	3	1	3	1	1	0	0	0	0	0
6	苏秦	2	4	1.36	13304006	13304006	13111006	13124006	13101507	13144006					13144004									2	3	2	3	3	2	1	2	2	1	2	1	2	3	3	2	1	3	2	3	2	3	3	3	3	3	3	3	3	3	3	1	3	1	1	0	0	0	0	0
6	苏秦	2	5	1.48	13305006	13305006	13111006	13125006	13101507	13145006					13145004									2	3	2	3	3	2	1	2	2	1	2	1	2	3	3	2	1	3	2	3	2	3	3	3	3	3	3	3	3	3	3	1	3	1	1	0	0	0	0	0
7	张仪	3	1	1.2	13301007	13301007	13111007	13121007	13100202	13141007	13101512													3	2	3	3	2	1	2	2	1	2	1	2	3	3	2	1	3	2	3	2	3	3	3	3	3	3	3	3	3	3	1	3	1	1	0	0	0	0	0	0
7	张仪	3	2	1.35	13302007	13302007	13111007	13122007	13100202	13142007	13102512													3	2	3	3	2	1	2	2	1	2	1	2	3	3	2	1	3	2	3	2	3	3	3	3	3	3	3	3	3	3	1	3	1	1	0	0	0	0	0	0
7	张仪	3	3	1.5	13303007	13303007	13111007	13123007	13100202	13143007	13103512				13141025									3	2	3	3	2	1	2	2	1	2	1	2	3	3	2	1	3	2	3	2	3	3	3	3	3	3	3	3	3	3	1	3	1	1	0	0	0	0	0	0
7	张仪	3	4	1.65	13304007	13304007	13111007	13124007	13100202	13144007	13104512				13142025									3	2	3	3	2	1	2	2	1	2	1	2	3	3	2	1	3	2	3	2	3	3	3	3	3	3	3	3	3	3	1	3	1	1	0	0	0	0	0	0
7	张仪	3	5	1.8	13305007	13305007	13111007	13125007	13100202	13145007	13105512				13143025									3	2	3	3	2	1	2	2	1	2	1	2	3	3	2	1	3	2	3	2	3	3	3	3	3	3	3	3	3	3	1	3	1	1	0	0	0	0	0	0
8	西门豹	2	1	1	13301008	13301008	13111008	13121008	13101507						13144025									2	3	3	2	1	2	2	1	2	1	2	3	3	2	1	3	2	3	2	3	3	3	3	3	3	3	3	3	3	1	3	1	1	0	0	0	0	0	0	0
8	西门豹	2	2	1.12	13302008	13302008	13111008	13122008	13101507						13145025									2	3	3	2	1	2	2	1	2	1	2	3	3	2	1	3	2	3	2	3	3	3	3	3	3	3	3	3	3	1	3	1	1	0	0	0	0	0	0	0
8	西门豹	2	3	1.24	13303008	13303008	13111008	13123008	13101507															2	3	3	2	1	2	2	1	2	1	2	3	3	2	1	3	2	3	2	3	3	3	3	3	3	3	3	3	3	1	3	1	1	0	0	0	0	0	0	0
8	西门豹	2	4	1.36	13304008	13304008	13111008	13124008	13101507															2	3	3	2	1	2	2	1	2	1	2	3	3	2	1	3	2	3	2	3	3	3	3	3	3	3	3	3	3	1	3	1	1	0	0	0	0	0	0	0
8	西门豹	2	5	1.48	13305008	13305008	13111008	13125008	13101507															2	3	3	2	1	2	2	1	2	1	2	3	3	2	1	3	2	3	2	3	3	3	3	3	3	3	3	3	3	1	3	1	1	0	0	0	0	0	0	0
9	钟无艳	3	1	1.2	13301009	13301009	13111009	13121009	13101507	13141009	13101512													3	3	2	1	2	2	1	2	1	2	3	3	2	1	3	2	3	2	3	3	3	3	3	3	3	3	3	3	1	3	1	1	0	0	0	0	0	0	0	0
9	钟无艳	3	2	1.35	13302009	13302009	13111009	13122009	13101507	13142009	13102512													3	3	2	1	2	2	1	2	1	2	3	3	2	1	3	2	3	2	3	3	3	3	3	3	3	3	3	3	1	3	1	1	0	0	0	0	0	0	0	0
9	钟无艳	3	3	1.5	13303009	13303009	13111009	13123009	13101507	13143009	13103512													3	3	2	1	2	2	1	2	1	2	3	3	2	1	3	2	3	2	3	3	3	3	3	3	3	3	3	3	1	3	1	1	0	0	0	0	0	0	0	0
9	钟无艳	3	4	1.65	13304009	13304009	13111009	13124009	13101507	13144009	13104512													3	3	2	1	2	2	1	2	1	2	3	3	2	1	3	2	3	2	3	3	3	3	3	3	3	3	3	3	1	3	1	1	0	0	0	0	0	0	0	0
9	钟无艳	3	5	1.8	13305009	13305009	13111009	13125009	13101507	13145009	13105512													3	3	2	1	2	2	1	2	1	2	3	3	2	1	3	2	3	2	3	3	3	3	3	3	3	3	3	3	1	3	1	1	0	0	0	0	0	0	0	0
10	高渐离	3	1	1.2	13301010	13301010	13111028	13121010	13100201	13141010	13101511													3	2	1	2	2	1	2	1	2	3	3	2	1	3	2	3	2	3	3	3	3	3	3	3	3	3	3	1	3	1	1	0	0	0	0	0	0	0	0	0
10	高渐离	3	2	1.35	13302010	13302010	13111028	13122010	13100201	13142010	13102511													3	2	1	2	2	1	2	1	2	3	3	2	1	3	2	3	2	3	3	3	3	3	3	3	3	3	3	1	3	1	1	0	0	0	0	0	0	0	0	0
10	高渐离	3	3	1.5	13303010	13303010	13111028	13123010	13100201	13143010	13103511													3	2	1	2	2	1	2	1	2	3	3	2	1	3	2	3	2	3	3	3	3	3	3	3	3	3	3	1	3	1	1	0	0	0	0	0	0	0	0	0
10	高渐离	3	4	1.65	13304010	13304010	13111028	13124010	13100201	13144010	13104511													3	2	1	2	2	1	2	1	2	3	3	2	1	3	2	3	2	3	3	3	3	3	3	3	3	3	3	1	3	1	1	0	0	0	0	0	0	0	0	0
10	高渐离	3	5	1.8	13305010	13305010	13111028	13125010	13100201	13145010	13105511													3	2	1	2	2	1	2	1	2	3	3	2	1	3	2	3	2	3	3	3	3	3	3	3	3	3	3	1	3	1	1	0	0	0	0	0	0	0	0	0
11	鲁班	2	1	1	13301011	13301011	13111011	13121011	13100201															2	1	2	2	1	2	1	2	3	3	2	1	3	2	3	2	3	3	3	3	3	3	3	3	3	3	1	3	1	1	0	0	0	0	0	0	0	0	0	0
11	鲁班	2	2	1.12	13302011	13302011	13111011	13122011	13100201															2	1	2	2	1	2	1	2	3	3	2	1	3	2	3	2	3	3	3	3	3	3	3	3	3	3	1	3	1	1	0	0	0	0	0	0	0	0	0	0
11	鲁班	2	3	1.24	13303011	13303011	13111011	13123011	13100201															2	1	2	2	1	2	1	2	3	3	2	1	3	2	3	2	3	3	3	3	3	3	3	3	3	3	1	3	1	1	0	0	0	0	0	0	0	0	0	0
11	鲁班	2	4	1.36	13304011	13304011	13111011	13124011	13100201															2	1	2	2	1	2	1	2	3	3	2	1	3	2	3	2	3	3	3	3	3	3	3	3	3	3	1	3	1	1	0	0	0	0	0	0	0	0	0	0
11	鲁班	2	5	1.48	13305011	13305011	13111011	13125011	13100201															2	1	2	2	1	2	1	2	3	3	2	1	3	2	3	2	3	3	3	3	3	3	3	3	3	3	1	3	1	1	0	0	0	0	0	0	0	0	0	0
12	平原君	1	1	0.8	13301012	13301012	13111012	13121012	13101507															1	2	2	1	2	1	2	3	3	2	1	3	2	3	2	3	3	3	3	3	3	3	3	3	3	1	3	1	1	0	0	0	0	0	0	0	0	0	0	0
12	平原君	1	2	0.9	13302012	13302012	13111012	13122012	13101507															1	2	2	1	2	1	2	3	3	2	1	3	2	3	2	3	3	3	3	3	3	3	3	3	3	1	3	1	1	0	0	0	0	0	0	0	0	0	0	0
12	平原君	1	3	1	13303012	13303012	13111012	13123012	13101507															1	2	2	1	2	1	2	3	3	2	1	3	2	3	2	3	3	3	3	3	3	3	3	3	3	1	3	1	1	0	0	0	0	0	0	0	0	0	0	0
12	平原君	1	4	1.1	13304012	13304012	13111012	13124012	13101507															1	2	2	1	2	1	2	3	3	2	1	3	2	3	2	3	3	3	3	3	3	3	3	3	3	1	3	1	1	0	0	0	0	0	0	0	0	0	0	0
12	平原君	1	5	1.2	13305012	13305012	13111012	13125012	13101507															1	2	2	1	2	1	2	3	3	2	1	3	2	3	2	3	3	3	3	3	3	3	3	3	3	1	3	1	1	0	0	0	0	0	0	0	0	0	0	0
13	春申君	2	1	1	13301013	13301013	13111013	13121013	13101508	13141013														2	2	1	2	1	2	3	3	2	1	3	2	3	2	3	3	3	3	3	3	3	3	3	3	1	3	1	1	0	0	0	0	0	0	0	0	0	0	0	0
13	春申君	2	2	1.12	13302013	13302013	13111013	13122013	13101508	13142013														2	2	1	2	1	2	3	3	2	1	3	2	3	2	3	3	3	3	3	3	3	3	3	3	1	3	1	1	0	0	0	0	0	0	0	0	0	0	0	0
13	春申君	2	3	1.24	13303013	13303013	13111013	13123013	13101508	13143013														2	2	1	2	1	2	3	3	2	1	3	2	3	2	3	3	3	3	3	3	3	3	3	3	1	3	1	1	0	0	0	0	0	0	0	0	0	0	0	0
13	春申君	2	4	1.36	13304013	13304013	13111013	13124013	13101508	13144013														2	2	1	2	1	2	3	3	2	1	3	2	3	2	3	3	3	3	3	3	3	3	3	3	1	3	1	1	0	0	0	0	0	0	0	0	0	0	0	0
13	春申君	2	5	1.48	13305013	13305013	13111013	13125013	13101508	13145013														2	2	1	2	1	2	3	3	2	1	3	2	3	2	3	3	3	3	3	3	3	3	3	3	1	3	1	1	0	0	0	0	0	0	0	0	0	0	0	0
14	孟尝君	2	1	1	13301014	13301014	13111014	13121014	13100201	13141014														2	1	2	1	2	3	3	2	1	3	2	3	2	3	3	3	3	3	3	3	3	3	3	1	3	1	1	0	0	0	0	0	0	0	0	0	0	0	0	0
14	孟尝君	2	2	1.12	13302014	13302014	13111014	13122014	13100201	13142014														2	1	2	1	2	3	3	2	1	3	2	3	2	3	3	3	3	3	3	3	3	3	3	1	3	1	1	0	0	0	0	0	0	0	0	0	0	0	0	0
14	孟尝君	2	3	1.24	13303014	13303014	13111014	13123014	13100201	13143014														2	1	2	1	2	3	3	2	1	3	2	3	2	3	3	3	3	3	3	3	3	3	3	1	3	1	1	0	0	0	0	0	0	0	0	0	0	0	0	0
14	孟尝君	2	4	1.36	13304014	13304014	13111014	13124014	13100201	13144014														2	1	2	1	2	3	3	2	1	3	2	3	2	3	3	3	3	3	3	3	3	3	3	1	3	1	1	0	0	0	0	0	0	0	0	0	0	0	0	0
14	孟尝君	2	5	1.48	13305014	13305014	13111014	13125014	13100201	13145014														2	1	2	1	2	3	3	2	1	3	2	3	2	3	3	3	3	3	3	3	3	3	3	1	3	1	1	0	0	0	0	0	0	0	0	0	0	0	0	0
15	赵括	1	1	0.8	13301015	13301015	13111015	13121015	13101508															1	2	1	2	3	3	2	1	3	2	3	2	3	3	3	3	3	3	3	3	3	3	1	3	1	1	0	0	0	0	0	0	0	0	0	0	0	0	0	0
15	赵括	1	2	0.9	13302015	13302015	13111015	13122015	13101508															1	2	1	2	3	3	2	1	3	2	3	2	3	3	3	3	3	3	3	3	3	3	1	3	1	1	0	0	0	0	0	0	0	0	0	0	0	0	0	0
15	赵括	1	3	1	13303015	13303015	13111015	13123015	13101508															1	2	1	2	3	3	2	1	3	2	3	2	3	3	3	3	3	3	3	3	3	3	1	3	1	1	0	0	0	0	0	0	0	0	0	0	0	0	0	0
15	赵括	1	4	1.1	13304015	13304015	13111015	13124015	13101508															1	2	1	2	3	3	2	1	3	2	3	2	3	3	3	3	3	3	3	3	3	3	1	3	1	1	0	0	0	0	0	0	0	0	0	0	0	0	0	0
15	赵括	1	5	1.2	13305015	13305015	13111015	13125015	13101508															1	2	1	2	3	3	2	1	3	2	3	2	3	3	3	3	3	3	3	3	3	3	1	3	1	1	0	0	0	0	0	0	0	0	0	0	0	0	0	0
16	郑袖	2	1	1	13301016	13301016	13111016	13121016	13100201	13141011														2	1	2	3	3	2	1	3	2	3	2	3	3	3	3	3	3	3	3	3	3	1	3	1	1	0	0	0	0	0	0	0	0	0	0	0	0	0	0	0
16	郑袖	2	2	1.12	13302016	13302016	13111016	13122016	13100201	13142011														2	1	2	3	3	2	1	3	2	3	2	3	3	3	3	3	3	3	3	3	3	1	3	1	1	0	0	0	0	0	0	0	0	0	0	0	0	0	0	0
16	郑袖	2	3	1.24	13303016	13303016	13111016	13123016	13100201	13143011														2	1	2	3	3	2	1	3	2	3	2	3	3	3	3	3	3	3	3	3	3	1	3	1	1	0	0	0	0	0	0	0	0	0	0	0	0	0	0	0
16	郑袖	2	4	1.36	13304016	13304016	13111016	13124016	13100201	13144011														2	1	2	3	3	2	1	3	2	3	2	3	3	3	3	3	3	3	3	3	3	1	3	1	1	0	0	0	0	0	0	0	0	0	0	0	0	0	0	0
16	郑袖	2	5	1.48	13305016	13305016	13111016	13125016	13100201	13145011														2	1	2	3	3	2	1	3	2	3	2	3	3	3	3	3	3	3	3	3	3	1	3	1	1	0	0	0	0	0	0	0	0	0	0	0	0	0	0	0
17	东施	1	1	0.8	13301017	13301017	13111017	13121017	13101507															1	2	3	3	2	1	3	2	3	2	3	3	3	3	3	3	3	3	3	3	1	3	1	1	0	0	0	0	0	0	0	0	0	0	0	0	0	0	0	0
17	东施	1	2	0.9	13302017	13302017	13111017	13122017	13101507															1	2	3	3	2	1	3	2	3	2	3	3	3	3	3	3	3	3	3	3	1	3	1	1	0	0	0	0	0	0	0	0	0	0	0	0	0	0	0	0
17	东施	1	3	1	13303017	13303017	13111017	13123017	13101507															1	2	3	3	2	1	3	2	3	2	3	3	3	3	3	3	3	3	3	3	1	3	1	1	0	0	0	0	0	0	0	0	0	0	0	0	0	0	0	0
17	东施	1	4	1.1	13304017	13304017	13111017	13124017	13101507															1	2	3	3	2	1	3	2	3	2	3	3	3	3	3	3	3	3	3	3	1	3	1	1	0	0	0	0	0	0	0	0	0	0	0	0	0	0	0	0
17	东施	1	5	1.2	13305017	13305017	13111017	13125017	13101507															1	2	3	3	2	1	3	2	3	2	3	3	3	3	3	3	3	3	3	3	1	3	1	1	0	0	0	0	0	0	0	0	0	0	0	0	0	0	0	0
18	夏姬	2	1	1	13301018	13301018	13111018	13121018	13100202	13141018														2	3	3	2	1	3	2	3	2	3	3	3	3	3	3	3	3	3	3	1	3	1	1	0	0	0	0	0	0	0	0	0	0	0	0	0	0	0	0	0
18	夏姬	2	2	1.12	13302018	13302018	13111018	13122018	13100202	13142018														2	3	3	2	1	3	2	3	2	3	3	3	3	3	3	3	3	3	3	1	3	1	1	0	0	0	0	0	0	0	0	0	0	0	0	0	0	0	0	0
18	夏姬	2	3	1.24	13303018	13303018	13111018	13123018	13100202	13143018														2	3	3	2	1	3	2	3	2	3	3	3	3	3	3	3	3	3	3	1	3	1	1	0	0	0	0	0	0	0	0	0	0	0	0	0	0	0	0	0
18	夏姬	2	4	1.36	13304018	13304018	13111018	13124018	13100202	13144018														2	3	3	2	1	3	2	3	2	3	3	3	3	3	3	3	3	3	3	1	3	1	1	0	0	0	0	0	0	0	0	0	0	0	0	0	0	0	0	0
18	夏姬	2	5	1.48	13305018	13305018	13111018	13125018	13100202	13145018														2	3	3	2	1	3	2	3	2	3	3	3	3	3	3	3	3	3	3	1	3	1	1	0	0	0	0	0	0	0	0	0	0	0	0	0	0	0	0	0
19	乐毅	3	1	1.2	13301019	13301019	13111019	13121019	13100202	13141030	13101512													3	3	2	1	3	2	3	2	3	3	3	3	3	3	3	3	3	3	1	3	1	1	0	0	0	0	0	0	0	0	0	0	0	0	0	0	0	0	0	0
19	乐毅	3	2	1.35	13302019	13302019	13111019	13122019	13100202	13142030	13102512													3	3	2	1	3	2	3	2	3	3	3	3	3	3	3	3	3	3	1	3	1	1	0	0	0	0	0	0	0	0	0	0	0	0	0	0	0	0	0	0
19	乐毅	3	3	1.5	13303019	13303019	13111019	13123019	13100202	13143030	13103512													3	3	2	1	3	2	3	2	3	3	3	3	3	3	3	3	3	3	1	3	1	1	0	0	0	0	0	0	0	0	0	0	0	0	0	0	0	0	0	0
19	乐毅	3	4	1.65	13304019	13304019	13111019	13124019	13100202	13144030	13104512													3	3	2	1	3	2	3	2	3	3	3	3	3	3	3	3	3	3	1	3	1	1	0	0	0	0	0	0	0	0	0	0	0	0	0	0	0	0	0	0
19	乐毅	3	5	1.8	13305019	13305019	13111019	13125019	13100202	13145030	13105512													3	3	2	1	3	2	3	2	3	3	3	3	3	3	3	3	3	3	1	3	1	1	0	0	0	0	0	0	0	0	0	0	0	0	0	0	0	0	0	0
20	田单	3	1	1.2	13301020	13301020	13111020	13121020	13101508	13141036	13101512													3	2	1	3	2	3	2	3	3	3	3	3	3	3	3	3	3	1	3	1	1	0	0	0	0	0	0	0	0	0	0	0	0	0	0	0	0	0	0	0
20	田单	3	2	1.35	13302020	13302020	13111020	13122020	13101508	13142036	13102512													3	2	1	3	2	3	2	3	3	3	3	3	3	3	3	3	3	1	3	1	1	0	0	0	0	0	0	0	0	0	0	0	0	0	0	0	0	0	0	0
20	田单	3	3	1.5	13303020	13303020	13111020	13123020	13101508	13143036	13103512													3	2	1	3	2	3	2	3	3	3	3	3	3	3	3	3	3	1	3	1	1	0	0	0	0	0	0	0	0	0	0	0	0	0	0	0	0	0	0	0
20	田单	3	4	1.65	13304020	13304020	13111020	13124020	13101508	13144036	13104512													3	2	1	3	2	3	2	3	3	3	3	3	3	3	3	3	3	1	3	1	1	0	0	0	0	0	0	0	0	0	0	0	0	0	0	0	0	0	0	0
20	田单	3	5	1.8	13305020	13305020	13111020	13125020	13101508	13145036	13105512													3	2	1	3	2	3	2	3	3	3	3	3	3	3	3	3	3	1	3	1	1	0	0	0	0	0	0	0	0	0	0	0	0	0	0	0	0	0	0	0
21	赵奢	2	1	1	13301021	13301021	13111021	13121021	13100202	13141021														2	1	3	2	3	2	3	3	3	3	3	3	3	3	3	3	1	3	1	1	0	0	0	0	0	0	0	0	0	0	0	0	0	0	0	0	0	0	0	0
21	赵奢	2	2	1.12	13302021	13302021	13111021	13122021	13100202	13142021														2	1	3	2	3	2	3	3	3	3	3	3	3	3	3	3	1	3	1	1	0	0	0	0	0	0	0	0	0	0	0	0	0	0	0	0	0	0	0	0
21	赵奢	2	3	1.24	13303021	13303021	13111021	13123021	13100202	13143021														2	1	3	2	3	2	3	3	3	3	3	3	3	3	3	3	1	3	1	1	0	0	0	0	0	0	0	0	0	0	0	0	0	0	0	0	0	0	0	0
21	赵奢	2	4	1.36	13304021	13304021	13111021	13124021	13100202	13144021														2	1	3	2	3	2	3	3	3	3	3	3	3	3	3	3	1	3	1	1	0	0	0	0	0	0	0	0	0	0	0	0	0	0	0	0	0	0	0	0
21	赵奢	2	5	1.48	13305021	13305021	13111021	13125021	13100202	13145021														2	1	3	2	3	2	3	3	3	3	3	3	3	3	3	3	1	3	1	1	0	0	0	0	0	0	0	0	0	0	0	0	0	0	0	0	0	0	0	0
22	项燕	1	1	0.8	13301022	13301022	13111022	13121022	13101507	13141025	13101511													1	3	2	3	2	3	3	3	3	3	3	3	3	3	3	1	3	1	1	0	0	0	0	0	0	0	0	0	0	0	0	0	0	0	0	0	0	0	0	0
22	项燕	1	2	0.9	13302022	13302022	13111022	13122022	13101507	13142025	13102511													1	3	2	3	2	3	3	3	3	3	3	3	3	3	3	1	3	1	1	0	0	0	0	0	0	0	0	0	0	0	0	0	0	0	0	0	0	0	0	0
22	项燕	1	3	1	13303022	13303022	13111022	13123022	13101507	13143025	13103511													1	3	2	3	2	3	3	3	3	3	3	3	3	3	3	1	3	1	1	0	0	0	0	0	0	0	0	0	0	0	0	0	0	0	0	0	0	0	0	0
22	项燕	1	4	1.1	13304022	13304022	13111022	13124022	13101507	13144025	13104511													1	3	2	3	2	3	3	3	3	3	3	3	3	3	3	1	3	1	1	0	0	0	0	0	0	0	0	0	0	0	0	0	0	0	0	0	0	0	0	0
22	项燕	1	5	1.2	13305022	13305022	13111022	13125022	13101507	13145025	13105511													1	3	2	3	2	3	3	3	3	3	3	3	3	3	3	1	3	1	1	0	0	0	0	0	0	0	0	0	0	0	0	0	0	0	0	0	0	0	0	0
23	孙膑	3	1	1.2	13301023	13301023	13111023	13121023	13101507	13141023	13101511													3	2	3	2	3	3	3	3	3	3	3	3	3	3	1	3	1	1	0	0	0	0	0	0	0	0	0	0	0	0	0	0	0	0	0	0	0	0	0	0
23	孙膑	3	2	1.35	13302023	13302023	13111023	13122023	13101507	13142023	13102511													3	2	3	2	3	3	3	3	3	3	3	3	3	3	1	3	1	1	0	0	0	0	0	0	0	0	0	0	0	0	0	0	0	0	0	0	0	0	0	0
23	孙膑	3	3	1.5	13303023	13303023	13111023	13123023	13101507	13143023	13103511													3	2	3	2	3	3	3	3	3	3	3	3	3	3	1	3	1	1	0	0	0	0	0	0	0	0	0	0	0	0	0	0	0	0	0	0	0	0	0	0
23	孙膑	3	4	1.65	13304023	13304023	13111023	13124023	13101507	13144023	13104511													3	2	3	2	3	3	3	3	3	3	3	3	3	3	1	3	1	1	0	0	0	0	0	0	0	0	0	0	0	0	0	0	0	0	0	0	0	0	0	0
23	孙膑	3	5	1.8	13305023	13305023	13111023	13125023	13101507	13145023	13105511													3	2	3	2	3	3	3	3	3	3	3	3	3	3	1	3	1	1	0	0	0	0	0	0	0	0	0	0	0	0	0	0	0	0	0	0	0	0	0	0
24	乐羊	2	1	1	13301024	13301024	13111024	13121024	13101508	13141024														2	3	2	3	3	3	3	3	3	3	3	3	3	1	3	1	1	0	0	0	0	0	0	0	0	0	0	0	0	0	0	0	0	0	0	0	0	0	0	0
24	乐羊	2	2	1.12	13302024	13302024	13111024	13122024	13101508	13142024														2	3	2	3	3	3	3	3	3	3	3	3	3	1	3	1	1	0	0	0	0	0	0	0	0	0	0	0	0	0	0	0	0	0	0	0	0	0	0	0
24	乐羊	2	3	1.24	13303024	13303024	13111024	13123024	13101508	13143024														2	3	2	3	3	3	3	3	3	3	3	3	3	1	3	1	1	0	0	0	0	0	0	0	0	0	0	0	0	0	0	0	0	0	0	0	0	0	0	0
24	乐羊	2	4	1.36	13304024	13304024	13111024	13124024	13101508	13144024														2	3	2	3	3	3	3	3	3	3	3	3	3	1	3	1	1	0	0	0	0	0	0	0	0	0	0	0	0	0	0	0	0	0	0	0	0	0	0	0
24	乐羊	2	5	1.48	13305024	13305024	13111024	13125024	13101508	13145024														2	3	2	3	3	3	3	3	3	3	3	3	3	1	3	1	1	0	0	0	0	0	0	0	0	0	0	0	0	0	0	0	0	0	0	0	0	0	0	0
25	蒙恬	3	1	1.2	13301025	13301025	13111025	13121025	13101508	13141025	13101512													3	2	3	3	3	3	3	3	3	3	3	3	1	3	1	1	0	0	0	0	0	0	0	0	0	0	0	0	0	0	0	0	0	0	0	0	0	0	0	0
25	蒙恬	3	2	1.35	13302025	13302025	13111025	13122025	13101508	13142025	13102512													3	2	3	3	3	3	3	3	3	3	3	3	1	3	1	1	0	0	0	0	0	0	0	0	0	0	0	0	0	0	0	0	0	0	0	0	0	0	0	0
25	蒙恬	3	3	1.5	13303025	13303025	13111025	13123025	13101508	13143025	13103512													3	2	3	3	3	3	3	3	3	3	3	3	1	3	1	1	0	0	0	0	0	0	0	0	0	0	0	0	0	0	0	0	0	0	0	0	0	0	0	0
25	蒙恬	3	4	1.65	13304025	13304025	13111025	13124025	13101508	13144025	13104512													3	2	3	3	3	3	3	3	3	3	3	3	1	3	1	1	0	0	0	0	0	0	0	0	0	0	0	0	0	0	0	0	0	0	0	0	0	0	0	0
25	蒙恬	3	5	1.8	13305025	13305025	13111025	13125025	13101508	13145025	13105512													3	2	3	3	3	3	3	3	3	3	3	3	1	3	1	1	0	0	0	0	0	0	0	0	0	0	0	0	0	0	0	0	0	0	0	0	0	0	0	0
26	商鞅	2	1	1	13301026	13301026	13111026	13121026	13101507	13141026														2	3	3	3	3	3	3	3	3	3	3	1	3	1	1	0	0	0	0	0	0	0	0	0	0	0	0	0	0	0	0	0	0	0	0	0	0	0	0	0
26	商鞅	2	2	1.12	13302026	13302026	13111026	13122026	13101507	13142026														2	3	3	3	3	3	3	3	3	3	3	1	3	1	1	0	0	0	0	0	0	0	0	0	0	0	0	0	0	0	0	0	0	0	0	0	0	0	0	0
26	商鞅	2	3	1.24	13303026	13303026	13111026	13123026	13101507	13143026														2	3	3	3	3	3	3	3	3	3	3	1	3	1	1	0	0	0	0	0	0	0	0	0	0	0	0	0	0	0	0	0	0	0	0	0	0	0	0	0
26	商鞅	2	4	1.36	13304026	13304026	13111026	13124026	13101507	13144026														2	3	3	3	3	3	3	3	3	3	3	1	3	1	1	0	0	0	0	0	0	0	0	0	0	0	0	0	0	0	0	0	0	0	0	0	0	0	0	0
26	商鞅	2	5	1.48	13305026	13305026	13111026	13125026	13101507	13145026														2	3	3	3	3	3	3	3	3	3	3	1	3	1	1	0	0	0	0	0	0	0	0	0	0	0	0	0	0	0	0	0	0	0	0	0	0	0	0	0
27	信陵君	3	1	1.2	13301027	13301027	13111027	13121027	13101507	13141027	13101511													3	3	3	3	3	3	3	3	3	3	1	3	1	1	0	0	0	0	0	0	0	0	0	0	0	0	0	0	0	0	0	0	0	0	0	0	0	0	0	0
27	信陵君	3	2	1.35	13302027	13302027	13111027	13122027	13101507	13141027	13102511													3	3	3	3	3	3	3	3	3	3	1	3	1	1	0	0	0	0	0	0	0	0	0	0	0	0	0	0	0	0	0	0	0	0	0	0	0	0	0	0
27	信陵君	3	3	1.5	13303027	13303027	13111027	13123027	13101507	13141027	13103511													3	3	3	3	3	3	3	3	3	3	1	3	1	1	0	0	0	0	0	0	0	0	0	0	0	0	0	0	0	0	0	0	0	0	0	0	0	0	0	0
27	信陵君	3	4	1.65	13304027	13304027	13111027	13124027	13101507	13141027	13104511													3	3	3	3	3	3	3	3	3	3	1	3	1	1	0	0	0	0	0	0	0	0	0	0	0	0	0	0	0	0	0	0	0	0	0	0	0	0	0	0
27	信陵君	3	5	1.8	13305027	13305027	13111027	13125027	13101507	13141027	13105511													3	3	3	3	3	3	3	3	3	3	1	3	1	1	0	0	0	0	0	0	0	0	0	0	0	0	0	0	0	0	0	0	0	0	0	0	0	0	0	0
28	芈月	3	1	1.2	13301028	13301028	13111010	13121028	13101507	13141036	13101512													3	3	3	3	3	3	3	3	3	1	3	1	1	0	0	0	0	0	0	0	0	0	0	0	0	0	0	0	0	0	0	0	0	0	0	0	0	0	0	0
28	芈月	3	2	1.35	13302028	13302028	13111010	13122028	13101507	13142036	13102512													3	3	3	3	3	3	3	3	3	1	3	1	1	0	0	0	0	0	0	0	0	0	0	0	0	0	0	0	0	0	0	0	0	0	0	0	0	0	0	0
28	芈月	3	3	1.5	13303028	13303028	13111010	13123028	13101507	13143036	13103512													3	3	3	3	3	3	3	3	3	1	3	1	1	0	0	0	0	0	0	0	0	0	0	0	0	0	0	0	0	0	0	0	0	0	0	0	0	0	0	0
28	芈月	3	4	1.65	13304028	13304028	13111010	13124028	13101507	13144036	13104512													3	3	3	3	3	3	3	3	3	1	3	1	1	0	0	0	0	0	0	0	0	0	0	0	0	0	0	0	0	0	0	0	0	0	0	0	0	0	0	0
28	芈月	3	5	1.8	13305028	13305028	13111010	13125028	13101507	13145036	13105512													3	3	3	3	3	3	3	3	3	1	3	1	1	0	0	0	0	0	0	0	0	0	0	0	0	0	0	0	0	0	0	0	0	0	0	0	0	0	0	0
29	西施	3	1	1.2	13301029	13301029	13111029	13121029	13100202	13141029	13101512													3	3	3	3	3	3	3	3	1	3	1	1	0	0	0	0	0	0	0	0	0	0	0	0	0	0	0	0	0	0	0	0	0	0	0	0	0	0	0	0
29	西施	3	2	1.35	13302029	13302029	13111029	13122029	13100202	13142029	13102512													3	3	3	3	3	3	3	3	1	3	1	1	0	0	0	0	0	0	0	0	0	0	0	0	0	0	0	0	0	0	0	0	0	0	0	0	0	0	0	0
29	西施	3	3	1.5	13303029	13303029	13111029	13123029	13100202	13143029	13103512													3	3	3	3	3	3	3	3	1	3	1	1	0	0	0	0	0	0	0	0	0	0	0	0	0	0	0	0	0	0	0	0	0	0	0	0	0	0	0	0
29	西施	3	4	1.65	13304029	13304029	13111029	13124029	13100202	13144029	13104512													3	3	3	3	3	3	3	3	1	3	1	1	0	0	0	0	0	0	0	0	0	0	0	0	0	0	0	0	0	0	0	0	0	0	0	0	0	0	0	0
29	西施	3	5	1.8	13305029	13305029	13111029	13125029	13100202	13145029	13105512													3	3	3	3	3	3	3	3	1	3	1	1	0	0	0	0	0	0	0	0	0	0	0	0	0	0	0	0	0	0	0	0	0	0	0	0	0	0	0	0
30	韩非	3	1	1.2	13301030	13301030	13111030	13121030	13100201	13141030	13101511													3	3	3	3	3	3	3	1	3	1	1	0	0	0	0	0	0	0	0	0	0	0	0	0	0	0	0	0	0	0	0	0	0	0	0	0	0	0	0	0
30	韩非	3	2	1.35	13302030	13302030	13111030	13122030	13100201	13142030	13102511													3	3	3	3	3	3	3	1	3	1	1	0	0	0	0	0	0	0	0	0	0	0	0	0	0	0	0	0	0	0	0	0	0	0	0	0	0	0	0	0
30	韩非	3	3	1.5	13303030	13303030	13111030	13123030	13100201	13143030	13103511													3	3	3	3	3	3	3	1	3	1	1	0	0	0	0	0	0	0	0	0	0	0	0	0	0	0	0	0	0	0	0	0	0	0	0	0	0	0	0	0
30	韩非	3	4	1.65	13304030	13304030	13111030	13124030	13100201	13144030	13104511													3	3	3	3	3	3	3	1	3	1	1	0	0	0	0	0	0	0	0	0	0	0	0	0	0	0	0	0	0	0	0	0	0	0	0	0	0	0	0	0
30	韩非	3	5	1.8	13305030	13305030	13111030	13125030	13100201	13145030	13105511													3	3	3	3	3	3	3	1	3	1	1	0	0	0	0	0	0	0	0	0	0	0	0	0	0	0	0	0	0	0	0	0	0	0	0	0	0	0	0	0
31	鬼谷子	3	1	1.2	13301031	13301031	13111031	13121031	13100201	13141031	13101511													3	3	3	3	3	3	1	3	1	1	0	0	0	0	0	0	0	0	0	0	0	0	0	0	0	0	0	0	0	0	0	0	0	0	0	0	0	0	0	0
31	鬼谷子	3	2	1.35	13302031	13302031	13111031	13122031	13100201	13142031	13102511													3	3	3	3	3	3	1	3	1	1	0	0	0	0	0	0	0	0	0	0	0	0	0	0	0	0	0	0	0	0	0	0	0	0	0	0	0	0	0	0
31	鬼谷子	3	3	1.5	13303031	13303031	13111031	13123031	13100201	13143031	13103511													3	3	3	3	3	3	1	3	1	1	0	0	0	0	0	0	0	0	0	0	0	0	0	0	0	0	0	0	0	0	0	0	0	0	0	0	0	0	0	0
31	鬼谷子	3	4	1.65	13304031	13304031	13111031	13124031	13100201	13144031	13104511													3	3	3	3	3	3	1	3	1	1	0	0	0	0	0	0	0	0	0	0	0	0	0	0	0	0	0	0	0	0	0	0	0	0	0	0	0	0	0	0
31	鬼谷子	3	5	1.8	13305031	13305031	13111031	13125031	13100201	13145031	13105511													3	3	3	3	3	3	1	3	1	1	0	0	0	0	0	0	0	0	0	0	0	0	0	0	0	0	0	0	0	0	0	0	0	0	0	0	0	0	0	0
32	白起	3	1	1.2	13301032	13301032	13111032	13121032	13101508	13141032	13101512													3	3	3	3	3	1	3	1	1	0	0	0	0	0	0	0	0	0	0	0	0	0	0	0	0	0	0	0	0	0	0	0	0	0	0	0	0	0	0	0
32	白起	3	2	1.35	13302032	13302032	13111032	13122032	13101508	13142032	13102512													3	3	3	3	3	1	3	1	1	0	0	0	0	0	0	0	0	0	0	0	0	0	0	0	0	0	0	0	0	0	0	0	0	0	0	0	0	0	0	0
32	白起	3	3	1.5	13303032	13303032	13111032	13123032	13101508	13143032	13103512													3	3	3	3	3	1	3	1	1	0	0	0	0	0	0	0	0	0	0	0	0	0	0	0	0	0	0	0	0	0	0	0	0	0	0	0	0	0	0	0
32	白起	3	4	1.65	13304032	13304032	13111032	13124032	13101508	13144032	13104512													3	3	3	3	3	1	3	1	1	0	0	0	0	0	0	0	0	0	0	0	0	0	0	0	0	0	0	0	0	0	0	0	0	0	0	0	0	0	0	0
32	白起	3	5	1.8	13305032	13305032	13111032	13125032	13101508	13145032	13105512													3	3	3	3	3	1	3	1	1	0	0	0	0	0	0	0	0	0	0	0	0	0	0	0	0	0	0	0	0	0	0	0	0	0	0	0	0	0	0	0
33	王翦	3	1	1.2	13301033	13301033	13111033	13121033	13101508	13141036	13101512													3	3	3	3	1	3	1	1	0	0	0	0	0	0	0	0	0	0	0	0	0	0	0	0	0	0	0	0	0	0	0	0	0	0	0	0	0	0	0	0
33	王翦	3	2	1.35	13302033	13302033	13111033	13122033	13101508	13142036	13102512													3	3	3	3	1	3	1	1	0	0	0	0	0	0	0	0	0	0	0	0	0	0	0	0	0	0	0	0	0	0	0	0	0	0	0	0	0	0	0	0
33	王翦	3	3	1.5	13303033	13303033	13111033	13123033	13101508	13143036	13103512													3	3	3	3	1	3	1	1	0	0	0	0	0	0	0	0	0	0	0	0	0	0	0	0	0	0	0	0	0	0	0	0	0	0	0	0	0	0	0	0
33	王翦	3	4	1.65	13304033	13304033	13111033	13124033	13101508	13144036	13104512													3	3	3	3	1	3	1	1	0	0	0	0	0	0	0	0	0	0	0	0	0	0	0	0	0	0	0	0	0	0	0	0	0	0	0	0	0	0	0	0
33	王翦	3	5	1.8	13305033	13305033	13111033	13125033	13101508	13145036	13105512													3	3	3	3	1	3	1	1	0	0	0	0	0	0	0	0	0	0	0	0	0	0	0	0	0	0	0	0	0	0	0	0	0	0	0	0	0	0	0	0
34	廉颇	3	1	1.2	13301034	13301034	13111034	13121034	13101507	13141036	13101512													3	3	3	1	3	1	1	0	0	0	0	0	0	0	0	0	0	0	0	0	0	0	0	0	0	0	0	0	0	0	0	0	0	0	0	0	0	0	0	0
34	廉颇	3	2	1.35	13302034	13302034	13111034	13122034	13101507	13142036	13102512													3	3	3	1	3	1	1	0	0	0	0	0	0	0	0	0	0	0	0	0	0	0	0	0	0	0	0	0	0	0	0	0	0	0	0	0	0	0	0	0
34	廉颇	3	3	1.5	13303034	13303034	13111034	13123034	13101507	13143036	13103512													3	3	3	1	3	1	1	0	0	0	0	0	0	0	0	0	0	0	0	0	0	0	0	0	0	0	0	0	0	0	0	0	0	0	0	0	0	0	0	0
34	廉颇	3	4	1.65	13304034	13304034	13111034	13124034	13101507	13144036	13104512													3	3	3	1	3	1	1	0	0	0	0	0	0	0	0	0	0	0	0	0	0	0	0	0	0	0	0	0	0	0	0	0	0	0	0	0	0	0	0	0
34	廉颇	3	5	1.8	13305034	13305034	13111034	13125034	13101507	13145036	13105512													3	3	3	1	3	1	1	0	0	0	0	0	0	0	0	0	0	0	0	0	0	0	0	0	0	0	0	0	0	0	0	0	0	0	0	0	0	0	0	0
35	李牧	3	1	1.2	13301035	13301035	13111035	13121035	13100201	13141035	13101511													3	3	1	3	1	1	0	0	0	0	0	0	0	0	0	0	0	0	0	0	0	0	0	0	0	0	0	0	0	0	0	0	0	0	0	0	0	0	0	0
35	李牧	3	2	1.35	13302035	13302035	13111035	13122035	13100201	13142035	13102511													3	3	1	3	1	1	0	0	0	0	0	0	0	0	0	0	0	0	0	0	0	0	0	0	0	0	0	0	0	0	0	0	0	0	0	0	0	0	0	0
35	李牧	3	3	1.5	13303035	13303035	13111035	13123035	13100201	13143035	13103511													3	3	1	3	1	1	0	0	0	0	0	0	0	0	0	0	0	0	0	0	0	0	0	0	0	0	0	0	0	0	0	0	0	0	0	0	0	0	0	0
35	李牧	3	4	1.65	13304035	13304035	13111035	13124035	13100201	13144035	13104511													3	3	1	3	1	1	0	0	0	0	0	0	0	0	0	0	0	0	0	0	0	0	0	0	0	0	0	0	0	0	0	0	0	0	0	0	0	0	0	0
35	李牧	3	5	1.8	13305035	13305035	13111035	13125035	13100201	13145035	13105511													3	3	1	3	1	1	0	0	0	0	0	0	0	0	0	0	0	0	0	0	0	0	0	0	0	0	0	0	0	0	0	0	0	0	0	0	0	0	0	0
36	吴起	3	1	1.2	13301036	13301036	13111036	13121036	13101507	13141036	13101512													3	1	3	1	1	0	0	0	0	0	0	0	0	0	0	0	0	0	0	0	0	0	0	0	0	0	0	0	0	0	0	0	0	0	0	0	0	0	0	0
36	吴起	3	2	1.35	13302036	13302036	13111036	13122036	13101507	13142036	13102512													3	1	3	1	1	0	0	0	0	0	0	0	0	0	0	0	0	0	0	0	0	0	0	0	0	0	0	0	0	0	0	0	0	0	0	0	0	0	0	0
36	吴起	3	3	1.5	13303036	13303036	13111036	13123036	13101507	13143036	13103512													3	1	3	1	1	0	0	0	0	0	0	0	0	0	0	0	0	0	0	0	0	0	0	0	0	0	0	0	0	0	0	0	0	0	0	0	0	0	0	0
36	吴起	3	4	1.65	13304036	13304036	13111036	13124036	13101507	13144036	13104512													3	1	3	1	1	0	0	0	0	0	0	0	0	0	0	0	0	0	0	0	0	0	0	0	0	0	0	0	0	0	0	0	0	0	0	0	0	0	0	0
36	吴起	3	5	1.8	13305036	13305036	13111036	13125036	13101507	13145036	13105512													3	1	3	1	1	0	0	0	0	0	0	0	0	0	0	0	0	0	0	0	0	0	0	0	0	0	0	0	0	0	0	0	0	0	0	0	0	0	0	0
37	蔺相如	1	1	0.8	13301037	13301037	13111037	13121037	13101507	13141024														1	3	1	1	0	0	0	0	0	0	0	0	0	0	0	0	0	0	0	0	0	0	0	0	0	0	0	0	0	0	0	0	0	0	0	0	0	0	0	0
37	蔺相如	1	2	0.9	13302037	13302037	13111037	13122037	13101507	13142024														1	3	1	1	0	0	0	0	0	0	0	0	0	0	0	0	0	0	0	0	0	0	0	0	0	0	0	0	0	0	0	0	0	0	0	0	0	0	0	0
37	蔺相如	1	3	1	13303037	13303037	13111037	13123037	13101507	13143024														1	3	1	1	0	0	0	0	0	0	0	0	0	0	0	0	0	0	0	0	0	0	0	0	0	0	0	0	0	0	0	0	0	0	0	0	0	0	0	0
37	蔺相如	1	4	1.1	13304037	13304037	13111037	13124037	13101507	13144024														1	3	1	1	0	0	0	0	0	0	0	0	0	0	0	0	0	0	0	0	0	0	0	0	0	0	0	0	0	0	0	0	0	0	0	0	0	0	0	0
37	蔺相如	1	5	1.2	13305037	13305037	13111037	13125037	13101507	13145024														1	3	1	1	0	0	0	0	0	0	0	0	0	0	0	0	0	0	0	0	0	0	0	0	0	0	0	0	0	0	0	0	0	0	0	0	0	0	0	0
38	范雎	3	1	1.2	13301038	13301038	13111038	13121038	13101507	13141038	13101511													3	1	1	0	0	0	0	0	0	0	0	0	0	0	0	0	0	0	0	0	0	0	0	0	0	0	0	0	0	0	0	0	0	0	0	0	0	0	0	0
38	范雎	3	2	1.35	13302038	13302038	13111038	13122038	13101507	13142038	13102511													3	1	1	0	0	0	0	0	0	0	0	0	0	0	0	0	0	0	0	0	0	0	0	0	0	0	0	0	0	0	0	0	0	0	0	0	0	0	0	0
38	范雎	3	3	1.5	13303038	13303038	13111038	13123038	13101507	13143038	13103511													3	1	1	0	0	0	0	0	0	0	0	0	0	0	0	0	0	0	0	0	0	0	0	0	0	0	0	0	0	0	0	0	0	0	0	0	0	0	0	0
38	范雎	3	4	1.65	13304038	13304038	13111038	13124038	13101507	13144038	13104511													3	1	1	0	0	0	0	0	0	0	0	0	0	0	0	0	0	0	0	0	0	0	0	0	0	0	0	0	0	0	0	0	0	0	0	0	0	0	0	0
38	范雎	3	5	1.8	13305038	13305038	13111038	13125038	13101507	13145038	13105511													3	1	1	0	0	0	0	0	0	0	0	0	0	0	0	0	0	0	0	0	0	0	0	0	0	0	0	0	0	0	0	0	0	0	0	0	0	0	0	0
39	小七	1	1	0.8	13301039	13301039	13111039	13121039	13100202															1	1	0	0	0	0	0	0	0	0	0	0	0	0	0	0	0	0	0	0	0	0	0	0	0	0	0	0	0	0	0	0	0	0	0	0	0	0	0	0
39	小七	1	2	0.9	13302039	13302039	13111039	13122039	13100202															1	1	0	0	0	0	0	0	0	0	0	0	0	0	0	0	0	0	0	0	0	0	0	0	0	0	0	0	0	0	0	0	0	0	0	0	0	0	0	0
39	小七	1	3	1	13303039	13303039	13111039	13123039	13100202															1	1	0	0	0	0	0	0	0	0	0	0	0	0	0	0	0	0	0	0	0	0	0	0	0	0	0	0	0	0	0	0	0	0	0	0	0	0	0	0
39	小七	1	4	1.1	13304039	13304039	13111039	13124039	13100202															1	1	0	0	0	0	0	0	0	0	0	0	0	0	0	0	0	0	0	0	0	0	0	0	0	0	0	0	0	0	0	0	0	0	0	0	0	0	0	0
39	小七	1	5	1.2	13305039	13305039	13111039	13125039	13100202															1	1	0	0	0	0	0	0	0	0	0	0	0	0	0	0	0	0	0	0	0	0	0	0	0	0	0	0	0	0	0	0	0	0	0	0	0	0	0	0
40	李信	1	1	0.8	13301040	13301040	13111040	13121040	13101507	13141008														1	0	0	0	0	0	0	0	0	0	0	0	0	0	0	0	0	0	0	0	0	0	0	0	0	0	0	0	0	0	0	0	0	0	0	0	0	0	0	0
40	李信	1	2	0.9	13302040	13302040	13111040	13122040	13101507	13142008														1	0	0	0	0	0	0	0	0	0	0	0	0	0	0	0	0	0	0	0	0	0	0	0	0	0	0	0	0	0	0	0	0	0	0	0	0	0	0	0
40	李信	1	3	1	13303040	13303040	13111040	13123040	13101507	13143008														1	0	0	0	0	0	0	0	0	0	0	0	0	0	0	0	0	0	0	0	0	0	0	0	0	0	0	0	0	0	0	0	0	0	0	0	0	0	0	0
40	李信	1	4	1.1	13304040	13304040	13111040	13124040	13101507	13144008														1	0	0	0	0	0	0	0	0	0	0	0	0	0	0	0	0	0	0	0	0	0	0	0	0	0	0	0	0	0	0	0	0	0	0	0	0	0	0	0
40	李信	1	5	1.2	13305040	13305040	13111040	13125040	13101507	13145008														1	0	0	0	0	0	0	0	0	0	0	0	0	0	0	0	0	0	0	0	0	0	0	0	0	0	0	0	0	0	0	0	0	0	0	0	0	0	0	0
																																																															
901	小七	1	1	0.8	13301039	13301039	13111039	13121039	13100202																																																						
901	小七	1	2	0.9	13302039	13302039	13111039	13122039	13100202																																																						
901	小七	1	3	1	13303039	13303039	13111039	13123039	13100202																																																						
901	小七	1	4	1.1	13304039	13304039	13111039	13124039	13100202																																																						
901	小七	1	5	1.2	13305039	13305039	13111039	13125039	13100202																																																						
902	蔺相如	1	1	0.8	13301037	13301037	13111037	13121037	13101507	13141024																																																					
902	蔺相如	1	2	0.9	13302037	13302037	13111037	13122037	13101507	13142024																																																					
902	蔺相如	1	3	1	13303037	13303037	13111037	13123037	13101507	13143024																																																					
902	蔺相如	1	4	1.1	13304037	13304037	13111037	13124037	13101507	13144024																																																					
902	蔺相如	1	5	1.2	13305037	13305037	13111037	13125037	13101507	13145024																																																					
903	白起	3	1	1.2	13301032	13301032	13111032	13121032	13101508	13141032	13101512																																																				
903	白起	3	2	1.35	13302032	13302032	13111032	13122032	13101508	13142032	13102512																																																				
903	白起	3	3	1.5	13303032	13303032	13111032	13123032	13101508	13143032	13103512																																																				
903	白起	3	4	1.65	13304032	13304032	13111032	13124032	13101508	13144032	13104512																																																				
903	白起	3	5	1.8	13305032	13305032	13111032	13125032	13101508	13145032	13105512																																																				
904	王翦	3	1	1.2	13301033	13301033	13111033	13121033	13101508	13141036	13101512																																																				
904	王翦	3	2	1.35	13302033	13302033	13111033	13122033	13101508	13142036	13102512																																																				
904	王翦	3	3	1.5	13303033	13303033	13111033	13123033	13101508	13143036	13103512																																																				
904	王翦	3	4	1.65	13304033	13304033	13111033	13124033	13101508	13144036	13104512																																																				
904	王翦	3	5	1.8	13305033	13305033	13111033	13125033	13101508	13145036	13105512																																																				
905	韩非	3	1	1.2	13301030	13301030	13111030	13121030	13100201	13141030	13101511																																																				
905	韩非	3	2	1.35	13302030	13302030	13111030	13122030	13100201	13142030	13102511																																																				
905	韩非	3	3	1.5	13303030	13303030	13111030	13123030	13100201	13143030	13103511																																																				
905	韩非	3	4	1.65	13304030	13304030	13111030	13124030	13100201	13144030	13104511																																																				
905	韩非	3	5	1.8	13305030	13305030	13111030	13125030	13100201	13145030	13105511																																																				
