武将id	稀有度	名字	图标		描述	默认职业，对应race.txt	在已经有该名士的情况下，钓鱼再获得该名士是获得的奖励，配置 prize.txt中的id	自动解锁技能数量	获得途径		钓鱼可获得	语音	普攻	章节获得(作废)	初始怒气											
id	rarity	name	icon	spine	desc	race	prize_if_has	auto_unlock_spell_count	obtain_ways	obtain_ways	fishing_obtain	sound	base_spell	obtain_dungeon_chapter	init_rage											
1	1	荆轲	荆轲	1	骑兵良将-荆轲：风萧萧兮易水寒，壮士一去不复还	2	13301001	1	20106		1	40000	13110002		276			吴起	1	3		1	13110001		1	步
2	2	庞涓	庞涓	2	弓兵名将-庞涓：凭君莫话封侯事，一将功成万骨枯	3	13301002	1	20609		1	40080	13110004		222			廉颇	1	3		2	13110002		2	骑
3	3	伍子胥	伍子胥	3	弓兵神将-伍子胥：出境鞭尸报父雠，吴兵勇锐越兵忧	3	13301003	1			1	40130	13110004		235			高渐离	1	3		4	13110003		3	弓
4	2	田忌	田忌	4	步兵名将-田忌：田忌之徒而诸侯东面朝齐	1	13301004	1	20403	20703	1	40150	13110001		289			钟无艳	1	3		3	13110004		4	车
5	1	屈原	屈原	5	器兵良将-屈原：湖南清绝地，万古一长嗟	5	13301005	1			1	40060	13110005		209			田忌	1	2		5	13110005		5	器
6	2	苏秦	苏秦	6	车兵名将-苏秦：沙埋古篆折碑文，六国兴亡事系君	4	13301006	1	20506	20906	1	40180	13110003		289			西门豹	1	2						
7	3	张仪	张仪	7	弓兵神将-张仪：横则秦帝，纵则楚王	3	13301007	1			1	40040	13110004		235			李信	1	1						
8	1	西门豹	西门豹	8	步兵良将-西门豹：西门豹治邺，民不敢欺	1	13301008	1	20606	21006	1	40010	13110001		276			蔺相如	1	1						
9	3	钟无艳	钟无艳	9	步兵神将-钟无艳：太子择日正储位，钟离在宫齐国治	1	13301009	1			1	40030	13110001		302			田单	2	3						
10	3	高渐离	高渐离	10	器兵神将-高渐离：渐离击悲筑，宋意唱高声	5	13301010	1			1	40100	13110005		235			白起	2	3						
11	1	鲁班	鲁班	11	器兵良将-鲁班：腰间带得纯钢斧，要斫蟾宫第一枝	5	13301011	1			1	40190	13110005		209			蒙恬	2	3						
12	1	平原君	平原君	12	车兵良将-平原君：何事邯郸贵公子，能因拐呱奔讶	4	13301012	1	20503		1	40200	13110003		276			王翦	2	3						
13	2	春申君	春申君	13	骑兵名将-春申君：烈士思酬国士恩，春申谁与快冤魂	2	13301013	1	20803	20406	1	40210	13110002		289			春申君	2	2						
14	2	孟尝君	孟尝君	14	器兵名将-孟尝君：若使当时真不举，吾门安得客三千	5	13301014	1			1	40070	13110005		222			乐羊	2	2						
15	1	赵括	赵括	15	骑兵良将-赵括：一败谁能逃母料，可怜四十万苍生	2	13301015	1	20303		1	40090	13110002		276			荆轲	2	1						
16	2	郑袖	郑袖	16	器兵名将-郑袖：国破家亡梦方醒，原来红颜是祸水	5	13301016	1	20509	20903	1	40020	13110005		222			赵括	2	1						
17	1	东施	东施	17	车兵良将-东施：效颦莫笑东村女，头白溪边尚浣纱	4	13301017	1	20209		1	40120	13110003		276			伍子胥	3	3						
18	2	夏姬	夏姬	18	弓兵名将-夏姬：螓首蛾眉，巧笑倩兮，美目盼兮	3	13301018	1	20806	20309	1	40110	13110004		222			芈月	3	3						
19	3	乐毅	乐毅	19	弓兵神将-乐毅：剧辛乐毅感恩分，输肝剖胆效英才	3	13301019	1	20709		1	40240	13110004		235			张仪	3	3						
20	3	田单	田单	20	骑兵神将-田单：田单一即墨，扫敌如风旋	2	13301020	1			1	40250	13110002		302			乐毅	3	3						
21	2	赵奢	赵奢	21	弓兵名将-赵奢：满谓将门还出将，不知有子误长平	3	13301021	1			1	40050	13110004		222			夏姬	3	2						
22	3	项燕	项燕	22	车兵神将-项燕：醉卧沙场君莫笑，古来征战几人回	4	13301022	1	20103		1		13110003		302			庞涓	3	2						
23	3	孙膑	孙膑	23	车兵神将-孙膑：孙膑学艺，才高被忌	4	13301023	1			1	40160	13110003		302			赵奢	3	2						
24	2	乐羊	乐羊	24	骑兵名将-乐羊：盈箧谤书能寝默，中山不是乐羊功	2	13301024	1	20603	21003	1	40260	13110002		289			小七	3	1						
25	3	蒙恬	蒙恬	25	骑兵神将-蒙恬：绝漠功虽大，长城怨亦深	2	13301025	1			1		13110002		302			屈原	4	3						
26	2	商鞅	商鞅	26	车兵名将-商鞅：治世不一道，便国不法古	4	13301026	1	20706	20409	1		13110003		289			孙膑	4	3						
27	3	信陵君	信陵君	27	车兵神将-信陵君：一心扶赵魏，百战胜赢秦	4	13301027	1	21009		1		13110003		302			信陵君	4	3						
28	3	芈月	芈月	28	步兵神将-芈月：美人自古如名将，不许人间见白头	1	13301028	1			1		13110001		302			范雎	4	3						
29	3	西施	西施	29	弓兵神将-西施：艳色天下重，西施宁久微	3	13301029	1			1		13110004		235			商鞅	4	2						
30	3	韩非	韩非	30	器兵神将-韩非：虚负凌云万丈才，一生襟抱未曾开	5	13301030	1			1		13110005		235			苏秦	4	2						
31	3	鬼谷子	鬼谷子	31	器兵神将-鬼谷子：小人谋身，君子谋国，大丈夫谋天下	5	13301031	1			1		13110005		235			平原君	4	1						
32	3	白起	白起	32	骑兵神将-白起：烈烈桓桓，时维武安	2	13301032	1			1		13110002		302			东施	4	1						
33	3	王翦	王翦	33	骑兵神将-王翦：将军料敌元非怯，能使君王促驾来	2	13301033	1			1		13110002		302			西施	5	3						
34	3	廉颇	廉颇	34	步兵神将-廉颇：一闻公言，肉袒负荆	1	13301034	1			1		13110001		302			鬼谷子	5	3						
35	3	李牧	李牧	35	器兵神将-李牧：李牧今不在，边人饲豺虎	5	13301035	1	20809		1		13110005		235			李牧	5	3						
36	3	吴起	吴起	36	步兵神将-吴起：施令而下不敢犯，所在而寇不敢敌	1	13301036	1	20909		1		13110001		302			韩非	5	3						
37	2	蔺相如	蔺相如	37	步兵名将-蔺相如：不畏秦强畏廉斗，古来只有蔺相如	1	13301037	1	20306		1		13110001		289			孟尝君	5	2						
38	3	范雎	范雎	38	车兵神将-范雎：范雎相秦倾九州，一言立断魏齐头	4	13301038	1			1		13110003		302			鲁班	5	2						
39	1	小七	小七	98	弓兵良将-小七：誓扫匈奴不顾身，五千貂锦丧胡尘	3	13301039	1	20203		1		13110004		209			郑袖	5	2						
40	2	李信	李信	40	步兵名将-李信：少年勇壮起关中，荡燕伐齐立九功	1	13301040	1	20206		1		13110001		289			项燕	5	1						
