Id		布局，跟客户端商量配置规则	所属外城，配置 outer_city.txt 中的id	匹量降级消耗，读cost表	升级需要的  outer_city_layout.txt 中的id		升级需要的主城建筑id building.txt 中的id		前置等级，配置 outer_city_layout.txt 中的id	默认是否解锁	改建后的主键指向	军事外城建筑	经济外城建筑
id		layout	outer_city	change_type_cost	upgrade_require_layout		upgrade_require_ids		prev_level	default_unlocked	change_type_id	military_building	economic_building
1	司马府	1	1	31			20001			1	1	1	4001
2	司马府	1	1	32			20002		1	1	1	2	4002
3	司马府	1	1	33			20003		2	1	1	3	4003
4	司马府	1	1	34			20004		3	1	1	4	4004
5	司马府	1	1	35			20005		4	1	1	5	4005
6	司马府	1	1	36			20006		5	1	1	6	4006
7	司马府	1	1	37			20007		6	1	2	7	4007
8	司马府	1	1	38			20008		7	1	3	8	4008
9	司马府	1	1	39			20009		8	1	4	9	4009
10	司马府	1	1	40			20010		9	1	5	10	4010
11	司马府	1	1	41			20011		10	1	6	11	4011
12	司马府	1	1	42			20012		11	1	7	12	4012
13	司马府	1	1	43			20013		12	1	8	13	4013
14	司马府	1	1	44			20014		13	1	9	14	4014
15	司马府	1	1	45			20015		14	1	10	15	4015
16	司马府	1	1	46			20016		15	1	11	16	4016
17	司马府	1	1	47			20017		16	1	12	17	4017
18	司马府	1	1	48			20018		17	1	13	18	4018
19	司马府	1	1	49			20019		18	1	14	19	4019
20	司马府	1	1	50			20020		19	1	15	20	4020
21	司马府	1	1	51			20021		20	1	16	21	4021
22	司马府	1	1	52			20022		21	1	17	22	4022
23	司马府	1	1	53			20023		22	1	18	23	4023
24	司马府	1	1	54			20024		23	1	19	24	4024
25	司马府	1	1	55			20025		24	1	20	25	4025
26	司马府	1	1	56			20026		25	1	21	26	4026
27	司马府	1	1	57			20027		26	1	22	27	4027
28	司马府	1	1	58			20028		27	1	23	28	4028
29	司马府	1	1	59			20029		28	1	24	29	4029
30	司马府	1	1	60			20030		29	1	25	30	4030
31	司马府	1	1	61			20031		30	1	26	31	4031
32	司马府	1	1	62			20032		31	1	27	32	4032
33	司马府	1	1	63			20033		32	1	28	33	4033
34	司马府	1	1	64			20034		33	1	29	34	4034
35	司马府	1	1	65			20035		34	1	30	35	4035
36	司马府	1	1	66			20036		35	1	31	36	4036
37	司马府	1	1	67			20037		36	1	32	37	4037
38	司马府	1	1	68			20038		37	1	33	38	4038
39	司马府	1	1	69			20039		38	1	34	39	4039
40	司马府	1	1	70			20040		39	1	35	40	4040
41	司马府	1	1	71			20041		40	1	36	41	4041
42	司马府	1	1	72			20042		41	1	37	42	4042
43	司马府	1	1	73			20043		42	1	38	43	4043
44	司马府	1	1	74			20044		43	1	39	44	4044
45	司马府	1	1	75			20045		44	1	40	45	4045
46	司马府	1	1	76			20046		45	1	41	46	4046
47	司马府	1	1	77			20047		46	1	42	47	4047
48	司马府	1	1	78			20048		47	1	43	48	4048
49	司马府	1	1	79			20049		48	1	44	49	4049
50	司马府	1	1	80			20050		49	1	45	50	4050
													
51	修炼所	2	1		1					1	51	51	4051
52	修炼所	2	1		2				51	1	51	52	4052
53	修炼所	2	1		3				52	1	51	53	4053
54	修炼所	2	1		4				53	1	51	54	4054
55	修炼所	2	1		5				54	1	51	55	4055
56	修炼所	2	1		6				55	1	51	56	4056
57	修炼所	2	1		7				56	1	52	57	4057
58	修炼所	2	1		8				57	1	53	58	4058
59	修炼所	2	1		9				58	1	54	59	4059
60	修炼所	2	1		10				59	1	55	60	4060
61	修炼所	2	1		11				60	1	56	61	4061
62	修炼所	2	1		12				61	1	57	62	4062
63	修炼所	2	1		13				62	1	58	63	4063
64	修炼所	2	1		14				63	1	59	64	4064
65	修炼所	2	1		15				64	1	60	65	4065
66	修炼所	2	1		16				65	1	61	66	4066
67	修炼所	2	1		17				66	1	62	67	4067
68	修炼所	2	1		18				67	1	63	68	4068
69	修炼所	2	1		19				68	1	64	69	4069
70	修炼所	2	1		20				69	1	65	70	4070
71	修炼所	2	1		21				70	1	66	71	4071
72	修炼所	2	1		22				71	1	67	72	4072
73	修炼所	2	1		23				72	1	68	73	4073
74	修炼所	2	1		24				73	1	69	74	4074
75	修炼所	2	1		25				74	1	70	75	4075
76	修炼所	2	1		26				75	1	71	76	4076
77	修炼所	2	1		27				76	1	72	77	4077
78	修炼所	2	1		28				77	1	73	78	4078
79	修炼所	2	1		29				78	1	74	79	4079
80	修炼所	2	1		30				79	1	75	80	4080
81	修炼所	2	1		31				80	1	76	81	4081
82	修炼所	2	1		32				81	1	77	82	4082
83	修炼所	2	1		33				82	1	78	83	4083
84	修炼所	2	1		34				83	1	79	84	4084
85	修炼所	2	1		35				84	1	80	85	4085
86	修炼所	2	1		36				85	1	81	86	4086
87	修炼所	2	1		37				86	1	82	87	4087
88	修炼所	2	1		38				87	1	83	88	4088
89	修炼所	2	1		39				88	1	84	89	4089
90	修炼所	2	1		40				89	1	85	90	4090
91	修炼所	2	1		41				90	1	86	91	4091
92	修炼所	2	1		42				91	1	87	92	4092
93	修炼所	2	1		43				92	1	88	93	4093
94	修炼所	2	1		44				93	1	89	94	4094
95	修炼所	2	1		45				94	1	90	95	4095
96	修炼所	2	1		46				95	1	91	96	4096
97	修炼所	2	1		47				96	1	92	97	4097
98	修炼所	2	1		48				97	1	93	98	4098
99	修炼所	2	1		49				98	1	94	99	4099
100	修炼所	2	1		50				99	1	95	100	4100
													
101	预备兵所	3	1		1					1	101	101	4101
102	预备兵所	3	1		2				101	1	101	102	4102
103	预备兵所	3	1		3				102	1	101	103	4103
104	预备兵所	3	1		4				103	1	101	104	4104
105	预备兵所	3	1		5				104	1	101	105	4105
106	预备兵所	3	1		6				105	1	101	106	4106
107	预备兵所	3	1		7				106	1	102	107	4107
108	预备兵所	3	1		8				107	1	103	108	4108
109	预备兵所	3	1		9				108	1	104	109	4109
110	预备兵所	3	1		10				109	1	105	110	4110
111	预备兵所	3	1		11				110	1	106	111	4111
112	预备兵所	3	1		12				111	1	107	112	4112
113	预备兵所	3	1		13				112	1	108	113	4113
114	预备兵所	3	1		14				113	1	109	114	4114
115	预备兵所	3	1		15				114	1	110	115	4115
116	预备兵所	3	1		16				115	1	111	116	4116
117	预备兵所	3	1		17				116	1	112	117	4117
118	预备兵所	3	1		18				117	1	113	118	4118
119	预备兵所	3	1		19				118	1	114	119	4119
120	预备兵所	3	1		20				119	1	115	120	4120
121	预备兵所	3	1		21				120	1	116	121	4121
122	预备兵所	3	1		22				121	1	117	122	4122
123	预备兵所	3	1		23				122	1	118	123	4123
124	预备兵所	3	1		24				123	1	119	124	4124
125	预备兵所	3	1		25				124	1	120	125	4125
126	预备兵所	3	1		26				125	1	121	126	4126
127	预备兵所	3	1		27				126	1	122	127	4127
128	预备兵所	3	1		28				127	1	123	128	4128
129	预备兵所	3	1		29				128	1	124	129	4129
130	预备兵所	3	1		30				129	1	125	130	4130
131	预备兵所	3	1		31				130	1	126	131	4131
132	预备兵所	3	1		32				131	1	127	132	4132
133	预备兵所	3	1		33				132	1	128	133	4133
134	预备兵所	3	1		34				133	1	129	134	4134
135	预备兵所	3	1		35				134	1	130	135	4135
136	预备兵所	3	1		36				135	1	131	136	4136
137	预备兵所	3	1		37				136	1	132	137	4137
138	预备兵所	3	1		38				137	1	133	138	4138
139	预备兵所	3	1		39				138	1	134	139	4139
140	预备兵所	3	1		40				139	1	135	140	4140
141	预备兵所	3	1		41				140	1	136	141	4141
142	预备兵所	3	1		42				141	1	137	142	4142
143	预备兵所	3	1		43				142	1	138	143	4143
144	预备兵所	3	1		44				143	1	139	144	4144
145	预备兵所	3	1		45				144	1	140	145	4145
146	预备兵所	3	1		46				145	1	141	146	4146
147	预备兵所	3	1		47				146	1	142	147	4147
148	预备兵所	3	1		48				147	1	143	148	4148
149	预备兵所	3	1		49				148	1	144	149	4149
150	预备兵所	3	1		50				149	1	145	150	4150
													
151	神射营	4	1		1					1	151	151	4151
152	神射营	4	1		2				151	1	151	152	4152
153	神射营	4	1		3				152	1	151	153	4153
154	神射营	4	1		4				153	1	151	154	4154
155	神射营	4	1		5				154	1	151	155	4155
156	神射营	4	1		6				155	1	151	156	4156
157	神射营	4	1		7				156	1	152	157	4157
158	神射营	4	1		8				157	1	153	158	4158
159	神射营	4	1		9				158	1	154	159	4159
160	神射营	4	1		10				159	1	155	160	4160
161	神射营	4	1		11				160	1	156	161	4161
162	神射营	4	1		12				161	1	157	162	4162
163	神射营	4	1		13				162	1	158	163	4163
164	神射营	4	1		14				163	1	159	164	4164
165	神射营	4	1		15				164	1	160	165	4165
166	神射营	4	1		16				165	1	161	166	4166
167	神射营	4	1		17				166	1	162	167	4167
168	神射营	4	1		18				167	1	163	168	4168
169	神射营	4	1		19				168	1	164	169	4169
170	神射营	4	1		20				169	1	165	170	4170
171	神射营	4	1		21				170	1	166	171	4171
172	神射营	4	1		22				171	1	167	172	4172
173	神射营	4	1		23				172	1	168	173	4173
174	神射营	4	1		24				173	1	169	174	4174
175	神射营	4	1		25				174	1	170	175	4175
176	神射营	4	1		26				175	1	171	176	4176
177	神射营	4	1		27				176	1	172	177	4177
178	神射营	4	1		28				177	1	173	178	4178
179	神射营	4	1		29				178	1	174	179	4179
180	神射营	4	1		30				179	1	175	180	4180
181	神射营	4	1		31				180	1	176	181	4181
182	神射营	4	1		32				181	1	177	182	4182
183	神射营	4	1		33				182	1	178	183	4183
184	神射营	4	1		34				183	1	179	184	4184
185	神射营	4	1		35				184	1	180	185	4185
186	神射营	4	1		36				185	1	181	186	4186
187	神射营	4	1		37				186	1	182	187	4187
188	神射营	4	1		38				187	1	183	188	4188
189	神射营	4	1		39				188	1	184	189	4189
190	神射营	4	1		40				189	1	185	190	4190
191	神射营	4	1		41				190	1	186	191	4191
192	神射营	4	1		42				191	1	187	192	4192
193	神射营	4	1		43				192	1	188	193	4193
194	神射营	4	1		44				193	1	189	194	4194
195	神射营	4	1		45				194	1	190	195	4195
196	神射营	4	1		46				195	1	191	196	4196
197	神射营	4	1		47				196	1	192	197	4197
198	神射营	4	1		48				197	1	193	198	4198
199	神射营	4	1		49				198	1	194	199	4199
200	神射营	4	1		50				199	1	195	200	4200
													
201	神射营	5	1		1					1	201	201	4201
202	神射营	5	1		2				201	1	201	202	4202
203	神射营	5	1		3				202	1	201	203	4203
204	神射营	5	1		4				203	1	201	204	4204
205	神射营	5	1		5				204	1	201	205	4205
206	神射营	5	1		6				205	1	201	206	4206
207	神射营	5	1		7				206	1	202	207	4207
208	神射营	5	1		8				207	1	203	208	4208
209	神射营	5	1		9				208	1	204	209	4209
210	神射营	5	1		10				209	1	205	210	4210
211	神射营	5	1		11				210	1	206	211	4211
212	神射营	5	1		12				211	1	207	212	4212
213	神射营	5	1		13				212	1	208	213	4213
214	神射营	5	1		14				213	1	209	214	4214
215	神射营	5	1		15				214	1	210	215	4215
216	神射营	5	1		16				215	1	211	216	4216
217	神射营	5	1		17				216	1	212	217	4217
218	神射营	5	1		18				217	1	213	218	4218
219	神射营	5	1		19				218	1	214	219	4219
220	神射营	5	1		20				219	1	215	220	4220
221	神射营	5	1		21				220	1	216	221	4221
222	神射营	5	1		22				221	1	217	222	4222
223	神射营	5	1		23				222	1	218	223	4223
224	神射营	5	1		24				223	1	219	224	4224
225	神射营	5	1		25				224	1	220	225	4225
226	神射营	5	1		26				225	1	221	226	4226
227	神射营	5	1		27				226	1	222	227	4227
228	神射营	5	1		28				227	1	223	228	4228
229	神射营	5	1		29				228	1	224	229	4229
230	神射营	5	1		30				229	1	225	230	4230
231	神射营	5	1		31				230	1	226	231	4231
232	神射营	5	1		32				231	1	227	232	4232
233	神射营	5	1		33				232	1	228	233	4233
234	神射营	5	1		34				233	1	229	234	4234
235	神射营	5	1		35				234	1	230	235	4235
236	神射营	5	1		36				235	1	231	236	4236
237	神射营	5	1		37				236	1	232	237	4237
238	神射营	5	1		38				237	1	233	238	4238
239	神射营	5	1		39				238	1	234	239	4239
240	神射营	5	1		40				239	1	235	240	4240
241	神射营	5	1		41				240	1	236	241	4241
242	神射营	5	1		42				241	1	237	242	4242
243	神射营	5	1		43				242	1	238	243	4243
244	神射营	5	1		44				243	1	239	244	4244
245	神射营	5	1		45				244	1	240	245	4245
246	神射营	5	1		46				245	1	241	246	4246
247	神射营	5	1		47				246	1	242	247	4247
248	神射营	5	1		48				247	1	243	248	4248
249	神射营	5	1		49				248	1	244	249	4249
250	神射营	5	1		50				249	1	245	250	4250
													
251	虎贲营	6	1		1					1	251	251	4251
252	虎贲营	6	1		2				251	1	251	252	4252
253	虎贲营	6	1		3				252	1	251	253	4253
254	虎贲营	6	1		4				253	1	251	254	4254
255	虎贲营	6	1		5				254	1	251	255	4255
256	虎贲营	6	1		6				255	1	251	256	4256
257	虎贲营	6	1		7				256	1	252	257	4257
258	虎贲营	6	1		8				257	1	253	258	4258
259	虎贲营	6	1		9				258	1	254	259	4259
260	虎贲营	6	1		10				259	1	255	260	4260
261	虎贲营	6	1		11				260	1	256	261	4261
262	虎贲营	6	1		12				261	1	257	262	4262
263	虎贲营	6	1		13				262	1	258	263	4263
264	虎贲营	6	1		14				263	1	259	264	4264
265	虎贲营	6	1		15				264	1	260	265	4265
266	虎贲营	6	1		16				265	1	261	266	4266
267	虎贲营	6	1		17				266	1	262	267	4267
268	虎贲营	6	1		18				267	1	263	268	4268
269	虎贲营	6	1		19				268	1	264	269	4269
270	虎贲营	6	1		20				269	1	265	270	4270
271	虎贲营	6	1		21				270	1	266	271	4271
272	虎贲营	6	1		22				271	1	267	272	4272
273	虎贲营	6	1		23				272	1	268	273	4273
274	虎贲营	6	1		24				273	1	269	274	4274
275	虎贲营	6	1		25				274	1	270	275	4275
276	虎贲营	6	1		26				275	1	271	276	4276
277	虎贲营	6	1		27				276	1	272	277	4277
278	虎贲营	6	1		28				277	1	273	278	4278
279	虎贲营	6	1		29				278	1	274	279	4279
280	虎贲营	6	1		30				279	1	275	280	4280
281	虎贲营	6	1		31				280	1	276	281	4281
282	虎贲营	6	1		32				281	1	277	282	4282
283	虎贲营	6	1		33				282	1	278	283	4283
284	虎贲营	6	1		34				283	1	279	284	4284
285	虎贲营	6	1		35				284	1	280	285	4285
286	虎贲营	6	1		36				285	1	281	286	4286
287	虎贲营	6	1		37				286	1	282	287	4287
288	虎贲营	6	1		38				287	1	283	288	4288
289	虎贲营	6	1		39				288	1	284	289	4289
290	虎贲营	6	1		40				289	1	285	290	4290
291	虎贲营	6	1		41				290	1	286	291	4291
292	虎贲营	6	1		42				291	1	287	292	4292
293	虎贲营	6	1		43				292	1	288	293	4293
294	虎贲营	6	1		44				293	1	289	294	4294
295	虎贲营	6	1		45				294	1	290	295	4295
296	虎贲营	6	1		46				295	1	291	296	4296
297	虎贲营	6	1		47				296	1	292	297	4297
298	虎贲营	6	1		48				297	1	293	298	4298
299	虎贲营	6	1		49				298	1	294	299	4299
300	虎贲营	6	1		50				299	1	295	300	4300
													
301	虎贲营	7	1		1					1	301	301	4301
302	虎贲营	7	1		2				301	1	301	302	4302
303	虎贲营	7	1		3				302	1	301	303	4303
304	虎贲营	7	1		4				303	1	301	304	4304
305	虎贲营	7	1		5				304	1	301	305	4305
306	虎贲营	7	1		6				305	1	301	306	4306
307	虎贲营	7	1		7				306	1	302	307	4307
308	虎贲营	7	1		8				307	1	303	308	4308
309	虎贲营	7	1		9				308	1	304	309	4309
310	虎贲营	7	1		10				309	1	305	310	4310
311	虎贲营	7	1		11				310	1	306	311	4311
312	虎贲营	7	1		12				311	1	307	312	4312
313	虎贲营	7	1		13				312	1	308	313	4313
314	虎贲营	7	1		14				313	1	309	314	4314
315	虎贲营	7	1		15				314	1	310	315	4315
316	虎贲营	7	1		16				315	1	311	316	4316
317	虎贲营	7	1		17				316	1	312	317	4317
318	虎贲营	7	1		18				317	1	313	318	4318
319	虎贲营	7	1		19				318	1	314	319	4319
320	虎贲营	7	1		20				319	1	315	320	4320
321	虎贲营	7	1		21				320	1	316	321	4321
322	虎贲营	7	1		22				321	1	317	322	4322
323	虎贲营	7	1		23				322	1	318	323	4323
324	虎贲营	7	1		24				323	1	319	324	4324
325	虎贲营	7	1		25				324	1	320	325	4325
326	虎贲营	7	1		26				325	1	321	326	4326
327	虎贲营	7	1		27				326	1	322	327	4327
328	虎贲营	7	1		28				327	1	323	328	4328
329	虎贲营	7	1		29				328	1	324	329	4329
330	虎贲营	7	1		30				329	1	325	330	4330
331	虎贲营	7	1		31				330	1	326	331	4331
332	虎贲营	7	1		32				331	1	327	332	4332
333	虎贲营	7	1		33				332	1	328	333	4333
334	虎贲营	7	1		34				333	1	329	334	4334
335	虎贲营	7	1		35				334	1	330	335	4335
336	虎贲营	7	1		36				335	1	331	336	4336
337	虎贲营	7	1		37				336	1	332	337	4337
338	虎贲营	7	1		38				337	1	333	338	4338
339	虎贲营	7	1		39				338	1	334	339	4339
340	虎贲营	7	1		40				339	1	335	340	4340
341	虎贲营	7	1		41				340	1	336	341	4341
342	虎贲营	7	1		42				341	1	337	342	4342
343	虎贲营	7	1		43				342	1	338	343	4343
344	虎贲营	7	1		44				343	1	339	344	4344
345	虎贲营	7	1		45				344	1	340	345	4345
346	虎贲营	7	1		46				345	1	341	346	4346
347	虎贲营	7	1		47				346	1	342	347	4347
348	虎贲营	7	1		48				347	1	343	348	4348
349	虎贲营	7	1		49				348	1	344	349	4349
350	虎贲营	7	1		50				349	1	345	350	4350
													
351	神射营	8	1		16					0	351	351	4351
352	神射营	8	1		16				351	1	351	352	4352
353	神射营	8	1		16				352	1	351	353	4353
354	神射营	8	1		16				353	1	351	354	4354
355	神射营	8	1		16				354	1	351	355	4355
356	神射营	8	1		16				355	1	351	356	4356
357	神射营	8	1		16				356	1	352	357	4357
358	神射营	8	1		16				357	1	353	358	4358
359	神射营	8	1		16				358	1	354	359	4359
360	神射营	8	1		16				359	1	355	360	4360
361	神射营	8	1		16				360	1	356	361	4361
362	神射营	8	1		16				361	1	357	362	4362
363	神射营	8	1		16				362	1	358	363	4363
364	神射营	8	1		16				363	1	359	364	4364
365	神射营	8	1		16				364	1	360	365	4365
366	神射营	8	1		16				365	1	361	366	4366
367	神射营	8	1		17				366	1	362	367	4367
368	神射营	8	1		18				367	1	363	368	4368
369	神射营	8	1		19				368	1	364	369	4369
370	神射营	8	1		20				369	1	365	370	4370
371	神射营	8	1		21				370	1	366	371	4371
372	神射营	8	1		22				371	1	367	372	4372
373	神射营	8	1		23				372	1	368	373	4373
374	神射营	8	1		24				373	1	369	374	4374
375	神射营	8	1		25				374	1	370	375	4375
376	神射营	8	1		26				375	1	371	376	4376
377	神射营	8	1		27				376	1	372	377	4377
378	神射营	8	1		28				377	1	373	378	4378
379	神射营	8	1		29				378	1	374	379	4379
380	神射营	8	1		30				379	1	375	380	4380
381	神射营	8	1		31				380	1	376	381	4381
382	神射营	8	1		32				381	1	377	382	4382
383	神射营	8	1		33				382	1	378	383	4383
384	神射营	8	1		34				383	1	379	384	4384
385	神射营	8	1		35				384	1	380	385	4385
386	神射营	8	1		36				385	1	381	386	4386
387	神射营	8	1		37				386	1	382	387	4387
388	神射营	8	1		38				387	1	383	388	4388
389	神射营	8	1		39				388	1	384	389	4389
390	神射营	8	1		40				389	1	385	390	4390
391	神射营	8	1		41				390	1	386	391	4391
392	神射营	8	1		42				391	1	387	392	4392
393	神射营	8	1		43				392	1	388	393	4393
394	神射营	8	1		44				393	1	389	394	4394
395	神射营	8	1		45				394	1	390	395	4395
396	神射营	8	1		46				395	1	391	396	4396
397	神射营	8	1		47				396	1	392	397	4397
398	神射营	8	1		48				397	1	393	398	4398
399	神射营	8	1		49				398	1	394	399	4399
400	神射营	8	1		50				399	1	395	400	4400
													
401	神射营	9	1		16					0	401	401	4401
402	神射营	9	1		16				401	1	401	402	4402
403	神射营	9	1		16				402	1	401	403	4403
404	神射营	9	1		16				403	1	401	404	4404
405	神射营	9	1		16				404	1	401	405	4405
406	神射营	9	1		16				405	1	401	406	4406
407	神射营	9	1		16				406	1	402	407	4407
408	神射营	9	1		16				407	1	403	408	4408
409	神射营	9	1		16				408	1	404	409	4409
410	神射营	9	1		16				409	1	405	410	4410
411	神射营	9	1		16				410	1	406	411	4411
412	神射营	9	1		16				411	1	407	412	4412
413	神射营	9	1		16				412	1	408	413	4413
414	神射营	9	1		16				413	1	409	414	4414
415	神射营	9	1		16				414	1	410	415	4415
416	神射营	9	1		16				415	1	411	416	4416
417	神射营	9	1		17				416	1	412	417	4417
418	神射营	9	1		18				417	1	413	418	4418
419	神射营	9	1		19				418	1	414	419	4419
420	神射营	9	1		20				419	1	415	420	4420
421	神射营	9	1		21				420	1	416	421	4421
422	神射营	9	1		22				421	1	417	422	4422
423	神射营	9	1		23				422	1	418	423	4423
424	神射营	9	1		24				423	1	419	424	4424
425	神射营	9	1		25				424	1	420	425	4425
426	神射营	9	1		26				425	1	421	426	4426
427	神射营	9	1		27				426	1	422	427	4427
428	神射营	9	1		28				427	1	423	428	4428
429	神射营	9	1		29				428	1	424	429	4429
430	神射营	9	1		30				429	1	425	430	4430
431	神射营	9	1		31				430	1	426	431	4431
432	神射营	9	1		32				431	1	427	432	4432
433	神射营	9	1		33				432	1	428	433	4433
434	神射营	9	1		34				433	1	429	434	4434
435	神射营	9	1		35				434	1	430	435	4435
436	神射营	9	1		36				435	1	431	436	4436
437	神射营	9	1		37				436	1	432	437	4437
438	神射营	9	1		38				437	1	433	438	4438
439	神射营	9	1		39				438	1	434	439	4439
440	神射营	9	1		40				439	1	435	440	4440
441	神射营	9	1		41				440	1	436	441	4441
442	神射营	9	1		42				441	1	437	442	4442
443	神射营	9	1		43				442	1	438	443	4443
444	神射营	9	1		44				443	1	439	444	4444
445	神射营	9	1		45				444	1	440	445	4445
446	神射营	9	1		46				445	1	441	446	4446
447	神射营	9	1		47				446	1	442	447	4447
448	神射营	9	1		48				447	1	443	448	4448
449	神射营	9	1		49				448	1	444	449	4449
450	神射营	9	1		50				449	1	445	450	4450
													
451	虎贲营	10	1		16					0	451	451	4451
452	虎贲营	10	1		16				451	1	451	452	4452
453	虎贲营	10	1		16				452	1	451	453	4453
454	虎贲营	10	1		16				453	1	451	454	4454
455	虎贲营	10	1		16				454	1	451	455	4455
456	虎贲营	10	1		16				455	1	451	456	4456
457	虎贲营	10	1		16				456	1	452	457	4457
458	虎贲营	10	1		16				457	1	453	458	4458
459	虎贲营	10	1		16				458	1	454	459	4459
460	虎贲营	10	1		16				459	1	455	460	4460
461	虎贲营	10	1		16				460	1	456	461	4461
462	虎贲营	10	1		16				461	1	457	462	4462
463	虎贲营	10	1		16				462	1	458	463	4463
464	虎贲营	10	1		16				463	1	459	464	4464
465	虎贲营	10	1		16				464	1	460	465	4465
466	虎贲营	10	1		16				465	1	461	466	4466
467	虎贲营	10	1		17				466	1	462	467	4467
468	虎贲营	10	1		18				467	1	463	468	4468
469	虎贲营	10	1		19				468	1	464	469	4469
470	虎贲营	10	1		20				469	1	465	470	4470
471	虎贲营	10	1		21				470	1	466	471	4471
472	虎贲营	10	1		22				471	1	467	472	4472
473	虎贲营	10	1		23				472	1	468	473	4473
474	虎贲营	10	1		24				473	1	469	474	4474
475	虎贲营	10	1		25				474	1	470	475	4475
476	虎贲营	10	1		26				475	1	471	476	4476
477	虎贲营	10	1		27				476	1	472	477	4477
478	虎贲营	10	1		28				477	1	473	478	4478
479	虎贲营	10	1		29				478	1	474	479	4479
480	虎贲营	10	1		30				479	1	475	480	4480
481	虎贲营	10	1		31				480	1	476	481	4481
482	虎贲营	10	1		32				481	1	477	482	4482
483	虎贲营	10	1		33				482	1	478	483	4483
484	虎贲营	10	1		34				483	1	479	484	4484
485	虎贲营	10	1		35				484	1	480	485	4485
486	虎贲营	10	1		36				485	1	481	486	4486
487	虎贲营	10	1		37				486	1	482	487	4487
488	虎贲营	10	1		38				487	1	483	488	4488
489	虎贲营	10	1		39				488	1	484	489	4489
490	虎贲营	10	1		40				489	1	485	490	4490
491	虎贲营	10	1		41				490	1	486	491	4491
492	虎贲营	10	1		42				491	1	487	492	4492
493	虎贲营	10	1		43				492	1	488	493	4493
494	虎贲营	10	1		44				493	1	489	494	4494
495	虎贲营	10	1		45				494	1	490	495	4495
496	虎贲营	10	1		46				495	1	491	496	4496
497	虎贲营	10	1		47				496	1	492	497	4497
498	虎贲营	10	1		48				497	1	493	498	4498
499	虎贲营	10	1		49				498	1	494	499	4499
500	虎贲营	10	1		50				499	1	495	500	4500
													
501	虎贲营	11	1		16					0	501	501	4501
502	虎贲营	11	1		16				501	1	501	502	4502
503	虎贲营	11	1		16				502	1	501	503	4503
504	虎贲营	11	1		16				503	1	501	504	4504
505	虎贲营	11	1		16				504	1	501	505	4505
506	虎贲营	11	1		16				505	1	501	506	4506
507	虎贲营	11	1		16				506	1	502	507	4507
508	虎贲营	11	1		16				507	1	503	508	4508
509	虎贲营	11	1		16				508	1	504	509	4509
510	虎贲营	11	1		16				509	1	505	510	4510
511	虎贲营	11	1		16				510	1	506	511	4511
512	虎贲营	11	1		16				511	1	507	512	4512
513	虎贲营	11	1		16				512	1	508	513	4513
514	虎贲营	11	1		16				513	1	509	514	4514
515	虎贲营	11	1		16				514	1	510	515	4515
516	虎贲营	11	1		16				515	1	511	516	4516
517	虎贲营	11	1		17				516	1	512	517	4517
518	虎贲营	11	1		18				517	1	513	518	4518
519	虎贲营	11	1		19				518	1	514	519	4519
520	虎贲营	11	1		20				519	1	515	520	4520
521	虎贲营	11	1		21				520	1	516	521	4521
522	虎贲营	11	1		22				521	1	517	522	4522
523	虎贲营	11	1		23				522	1	518	523	4523
524	虎贲营	11	1		24				523	1	519	524	4524
525	虎贲营	11	1		25				524	1	520	525	4525
526	虎贲营	11	1		26				525	1	521	526	4526
527	虎贲营	11	1		27				526	1	522	527	4527
528	虎贲营	11	1		28				527	1	523	528	4528
529	虎贲营	11	1		29				528	1	524	529	4529
530	虎贲营	11	1		30				529	1	525	530	4530
531	虎贲营	11	1		31				530	1	526	531	4531
532	虎贲营	11	1		32				531	1	527	532	4532
533	虎贲营	11	1		33				532	1	528	533	4533
534	虎贲营	11	1		34				533	1	529	534	4534
535	虎贲营	11	1		35				534	1	530	535	4535
536	虎贲营	11	1		36				535	1	531	536	4536
537	虎贲营	11	1		37				536	1	532	537	4537
538	虎贲营	11	1		38				537	1	533	538	4538
539	虎贲营	11	1		39				538	1	534	539	4539
540	虎贲营	11	1		40				539	1	535	540	4540
541	虎贲营	11	1		41				540	1	536	541	4541
542	虎贲营	11	1		42				541	1	537	542	4542
543	虎贲营	11	1		43				542	1	538	543	4543
544	虎贲营	11	1		44				543	1	539	544	4544
545	虎贲营	11	1		45				544	1	540	545	4545
546	虎贲营	11	1		46				545	1	541	546	4546
547	虎贲营	11	1		47				546	1	542	547	4547
548	虎贲营	11	1		48				547	1	543	548	4548
549	虎贲营	11	1		49				548	1	544	549	4549
550	虎贲营	11	1		50				549	1	545	550	4550
													
1001	司马府	100	2	31			20001			1	1001	1	4001
1002	司马府	100	2	32			20002		1001	1	1001	2	4002
1003	司马府	100	2	33			20003		1002	1	1001	3	4003
1004	司马府	100	2	34			20004		1003	1	1001	4	4004
1005	司马府	100	2	35			20005		1004	1	1001	5	4005
1006	司马府	100	2	36			20006		1005	1	1001	6	4006
1007	司马府	100	2	37			20007		1006	1	1002	7	4007
1008	司马府	100	2	38			20008		1007	1	1003	8	4008
1009	司马府	100	2	39			20009		1008	1	1004	9	4009
1010	司马府	100	2	40			20010		1009	1	1005	10	4010
1011	司马府	100	2	41			20011		1010	1	1006	11	4011
1012	司马府	100	2	42			20012		1011	1	1007	12	4012
1013	司马府	100	2	43			20013		1012	1	1008	13	4013
1014	司马府	100	2	44			20014		1013	1	1009	14	4014
1015	司马府	100	2	45			20015		1014	1	1010	15	4015
1016	司马府	100	2	46			20016		1015	1	1011	16	4016
1017	司马府	100	2	47			20017		1016	1	1012	17	4017
1018	司马府	100	2	48			20018		1017	1	1013	18	4018
1019	司马府	100	2	49			20019		1018	1	1014	19	4019
1020	司马府	100	2	50			20020		1019	1	1015	20	4020
1021	司马府	100	2	51			20021		1020	1	1016	21	4021
1022	司马府	100	2	52			20022		1021	1	1017	22	4022
1023	司马府	100	2	53			20023		1022	1	1018	23	4023
1024	司马府	100	2	54			20024		1023	1	1019	24	4024
1025	司马府	100	2	55			20025		1024	1	1020	25	4025
1026	司马府	100	2	56			20026		1025	1	1021	26	4026
1027	司马府	100	2	57			20027		1026	1	1022	27	4027
1028	司马府	100	2	58			20028		1027	1	1023	28	4028
1029	司马府	100	2	59			20029		1028	1	1024	29	4029
1030	司马府	100	2	60			20030		1029	1	1025	30	4030
1031	司马府	100	2	61			20031		1030	1	1026	31	4031
1032	司马府	100	2	62			20032		1031	1	1027	32	4032
1033	司马府	100	2	63			20033		1032	1	1028	33	4033
1034	司马府	100	2	64			20034		1033	1	1029	34	4034
1035	司马府	100	2	65			20035		1034	1	1030	35	4035
1036	司马府	100	2	66			20036		1035	1	1031	36	4036
1037	司马府	100	2	67			20037		1036	1	1032	37	4037
1038	司马府	100	2	68			20038		1037	1	1033	38	4038
1039	司马府	100	2	69			20039		1038	1	1034	39	4039
1040	司马府	100	2	70			20040		1039	1	1035	40	4040
1041	司马府	100	2	71			20041		1040	1	1036	41	4041
1042	司马府	100	2	72			20042		1041	1	1037	42	4042
1043	司马府	100	2	73			20043		1042	1	1038	43	4043
1044	司马府	100	2	74			20044		1043	1	1039	44	4044
1045	司马府	100	2	75			20045		1044	1	1040	45	4045
1046	司马府	100	2	76			20046		1045	1	1041	46	4046
1047	司马府	100	2	77			20047		1046	1	1042	47	4047
1048	司马府	100	2	78			20048		1047	1	1043	48	4048
1049	司马府	100	2	79			20049		1048	1	1044	49	4049
1050	司马府	100	2	80			20050		1049	1	1045	50	4050
													
1051	修炼所	101	2		1001					1	1051	51	4051
1052	修炼所	101	2		1002				1051	1	1051	52	4052
1053	修炼所	101	2		1003				1052	1	1051	53	4053
1054	修炼所	101	2		1004				1053	1	1051	54	4054
1055	修炼所	101	2		1005				1054	1	1051	55	4055
1056	修炼所	101	2		1006				1055	1	1051	56	4056
1057	修炼所	101	2		1007				1056	1	1052	57	4057
1058	修炼所	101	2		1008				1057	1	1053	58	4058
1059	修炼所	101	2		1009				1058	1	1054	59	4059
1060	修炼所	101	2		1010				1059	1	1055	60	4060
1061	修炼所	101	2		1011				1060	1	1056	61	4061
1062	修炼所	101	2		1012				1061	1	1057	62	4062
1063	修炼所	101	2		1013				1062	1	1058	63	4063
1064	修炼所	101	2		1014				1063	1	1059	64	4064
1065	修炼所	101	2		1015				1064	1	1060	65	4065
1066	修炼所	101	2		1016				1065	1	1061	66	4066
1067	修炼所	101	2		1017				1066	1	1062	67	4067
1068	修炼所	101	2		1018				1067	1	1063	68	4068
1069	修炼所	101	2		1019				1068	1	1064	69	4069
1070	修炼所	101	2		1020				1069	1	1065	70	4070
1071	修炼所	101	2		1021				1070	1	1066	71	4071
1072	修炼所	101	2		1022				1071	1	1067	72	4072
1073	修炼所	101	2		1023				1072	1	1068	73	4073
1074	修炼所	101	2		1024				1073	1	1069	74	4074
1075	修炼所	101	2		1025				1074	1	1070	75	4075
1076	修炼所	101	2		1026				1075	1	1071	76	4076
1077	修炼所	101	2		1027				1076	1	1072	77	4077
1078	修炼所	101	2		1028				1077	1	1073	78	4078
1079	修炼所	101	2		1029				1078	1	1074	79	4079
1080	修炼所	101	2		1030				1079	1	1075	80	4080
1081	修炼所	101	2		1031				1080	1	1076	81	4081
1082	修炼所	101	2		1032				1081	1	1077	82	4082
1083	修炼所	101	2		1033				1082	1	1078	83	4083
1084	修炼所	101	2		1034				1083	1	1079	84	4084
1085	修炼所	101	2		1035				1084	1	1080	85	4085
1086	修炼所	101	2		1036				1085	1	1081	86	4086
1087	修炼所	101	2		1037				1086	1	1082	87	4087
1088	修炼所	101	2		1038				1087	1	1083	88	4088
1089	修炼所	101	2		1039				1088	1	1084	89	4089
1090	修炼所	101	2		1040				1089	1	1085	90	4090
1091	修炼所	101	2		1041				1090	1	1086	91	4091
1092	修炼所	101	2		1042				1091	1	1087	92	4092
1093	修炼所	101	2		1043				1092	1	1088	93	4093
1094	修炼所	101	2		1044				1093	1	1089	94	4094
1095	修炼所	101	2		1045				1094	1	1090	95	4095
1096	修炼所	101	2		1046				1095	1	1091	96	4096
1097	修炼所	101	2		1047				1096	1	1092	97	4097
1098	修炼所	101	2		1048				1097	1	1093	98	4098
1099	修炼所	101	2		1049				1098	1	1094	99	4099
1100	修炼所	101	2		1050				1099	1	1095	100	4100
													
1101	预备兵所	102	2		1001					1	1101	101	4101
1102	预备兵所	102	2		1002				1101	1	1101	102	4102
1103	预备兵所	102	2		1003				1102	1	1101	103	4103
1104	预备兵所	102	2		1004				1103	1	1101	104	4104
1105	预备兵所	102	2		1005				1104	1	1101	105	4105
1106	预备兵所	102	2		1006				1105	1	1101	106	4106
1107	预备兵所	102	2		1007				1106	1	1102	107	4107
1108	预备兵所	102	2		1008				1107	1	1103	108	4108
1109	预备兵所	102	2		1009				1108	1	1104	109	4109
1110	预备兵所	102	2		1010				1109	1	1105	110	4110
1111	预备兵所	102	2		1011				1110	1	1106	111	4111
1112	预备兵所	102	2		1012				1111	1	1107	112	4112
1113	预备兵所	102	2		1013				1112	1	1108	113	4113
1114	预备兵所	102	2		1014				1113	1	1109	114	4114
1115	预备兵所	102	2		1015				1114	1	1110	115	4115
1116	预备兵所	102	2		1016				1115	1	1111	116	4116
1117	预备兵所	102	2		1017				1116	1	1112	117	4117
1118	预备兵所	102	2		1018				1117	1	1113	118	4118
1119	预备兵所	102	2		1019				1118	1	1114	119	4119
1120	预备兵所	102	2		1020				1119	1	1115	120	4120
1121	预备兵所	102	2		1021				1120	1	1116	121	4121
1122	预备兵所	102	2		1022				1121	1	1117	122	4122
1123	预备兵所	102	2		1023				1122	1	1118	123	4123
1124	预备兵所	102	2		1024				1123	1	1119	124	4124
1125	预备兵所	102	2		1025				1124	1	1120	125	4125
1126	预备兵所	102	2		1026				1125	1	1121	126	4126
1127	预备兵所	102	2		1027				1126	1	1122	127	4127
1128	预备兵所	102	2		1028				1127	1	1123	128	4128
1129	预备兵所	102	2		1029				1128	1	1124	129	4129
1130	预备兵所	102	2		1030				1129	1	1125	130	4130
1131	预备兵所	102	2		1031				1130	1	1126	131	4131
1132	预备兵所	102	2		1032				1131	1	1127	132	4132
1133	预备兵所	102	2		1033				1132	1	1128	133	4133
1134	预备兵所	102	2		1034				1133	1	1129	134	4134
1135	预备兵所	102	2		1035				1134	1	1130	135	4135
1136	预备兵所	102	2		1036				1135	1	1131	136	4136
1137	预备兵所	102	2		1037				1136	1	1132	137	4137
1138	预备兵所	102	2		1038				1137	1	1133	138	4138
1139	预备兵所	102	2		1039				1138	1	1134	139	4139
1140	预备兵所	102	2		1040				1139	1	1135	140	4140
1141	预备兵所	102	2		1041				1140	1	1136	141	4141
1142	预备兵所	102	2		1042				1141	1	1137	142	4142
1143	预备兵所	102	2		1043				1142	1	1138	143	4143
1144	预备兵所	102	2		1044				1143	1	1139	144	4144
1145	预备兵所	102	2		1045				1144	1	1140	145	4145
1146	预备兵所	102	2		1046				1145	1	1141	146	4146
1147	预备兵所	102	2		1047				1146	1	1142	147	4147
1148	预备兵所	102	2		1048				1147	1	1143	148	4148
1149	预备兵所	102	2		1049				1148	1	1144	149	4149
1150	预备兵所	102	2		1050				1149	1	1145	150	4150
													
1151	神射营	103	2		1001					1	1151	151	4151
1152	神射营	103	2		1002				1151	1	1151	152	4152
1153	神射营	103	2		1003				1152	1	1151	153	4153
1154	神射营	103	2		1004				1153	1	1151	154	4154
1155	神射营	103	2		1005				1154	1	1151	155	4155
1156	神射营	103	2		1006				1155	1	1151	156	4156
1157	神射营	103	2		1007				1156	1	1152	157	4157
1158	神射营	103	2		1008				1157	1	1153	158	4158
1159	神射营	103	2		1009				1158	1	1154	159	4159
1160	神射营	103	2		1010				1159	1	1155	160	4160
1161	神射营	103	2		1011				1160	1	1156	161	4161
1162	神射营	103	2		1012				1161	1	1157	162	4162
1163	神射营	103	2		1013				1162	1	1158	163	4163
1164	神射营	103	2		1014				1163	1	1159	164	4164
1165	神射营	103	2		1015				1164	1	1160	165	4165
1166	神射营	103	2		1016				1165	1	1161	166	4166
1167	神射营	103	2		1017				1166	1	1162	167	4167
1168	神射营	103	2		1018				1167	1	1163	168	4168
1169	神射营	103	2		1019				1168	1	1164	169	4169
1170	神射营	103	2		1020				1169	1	1165	170	4170
1171	神射营	103	2		1021				1170	1	1166	171	4171
1172	神射营	103	2		1022				1171	1	1167	172	4172
1173	神射营	103	2		1023				1172	1	1168	173	4173
1174	神射营	103	2		1024				1173	1	1169	174	4174
1175	神射营	103	2		1025				1174	1	1170	175	4175
1176	神射营	103	2		1026				1175	1	1171	176	4176
1177	神射营	103	2		1027				1176	1	1172	177	4177
1178	神射营	103	2		1028				1177	1	1173	178	4178
1179	神射营	103	2		1029				1178	1	1174	179	4179
1180	神射营	103	2		1030				1179	1	1175	180	4180
1181	神射营	103	2		1031				1180	1	1176	181	4181
1182	神射营	103	2		1032				1181	1	1177	182	4182
1183	神射营	103	2		1033				1182	1	1178	183	4183
1184	神射营	103	2		1034				1183	1	1179	184	4184
1185	神射营	103	2		1035				1184	1	1180	185	4185
1186	神射营	103	2		1036				1185	1	1181	186	4186
1187	神射营	103	2		1037				1186	1	1182	187	4187
1188	神射营	103	2		1038				1187	1	1183	188	4188
1189	神射营	103	2		1039				1188	1	1184	189	4189
1190	神射营	103	2		1040				1189	1	1185	190	4190
1191	神射营	103	2		1041				1190	1	1186	191	4191
1192	神射营	103	2		1042				1191	1	1187	192	4192
1193	神射营	103	2		1043				1192	1	1188	193	4193
1194	神射营	103	2		1044				1193	1	1189	194	4194
1195	神射营	103	2		1045				1194	1	1190	195	4195
1196	神射营	103	2		1046				1195	1	1191	196	4196
1197	神射营	103	2		1047				1196	1	1192	197	4197
1198	神射营	103	2		1048				1197	1	1193	198	4198
1199	神射营	103	2		1049				1198	1	1194	199	4199
1200	神射营	103	2		1050				1199	1	1195	200	4200
													
1201	神射营	104	2		1001					1	1201	201	4201
1202	神射营	104	2		1002				1201	1	1201	202	4202
1203	神射营	104	2		1003				1202	1	1201	203	4203
1204	神射营	104	2		1004				1203	1	1201	204	4204
1205	神射营	104	2		1005				1204	1	1201	205	4205
1206	神射营	104	2		1006				1205	1	1201	206	4206
1207	神射营	104	2		1007				1206	1	1202	207	4207
1208	神射营	104	2		1008				1207	1	1203	208	4208
1209	神射营	104	2		1009				1208	1	1204	209	4209
1210	神射营	104	2		1010				1209	1	1205	210	4210
1211	神射营	104	2		1011				1210	1	1206	211	4211
1212	神射营	104	2		1012				1211	1	1207	212	4212
1213	神射营	104	2		1013				1212	1	1208	213	4213
1214	神射营	104	2		1014				1213	1	1209	214	4214
1215	神射营	104	2		1015				1214	1	1210	215	4215
1216	神射营	104	2		1016				1215	1	1211	216	4216
1217	神射营	104	2		1017				1216	1	1212	217	4217
1218	神射营	104	2		1018				1217	1	1213	218	4218
1219	神射营	104	2		1019				1218	1	1214	219	4219
1220	神射营	104	2		1020				1219	1	1215	220	4220
1221	神射营	104	2		1021				1220	1	1216	221	4221
1222	神射营	104	2		1022				1221	1	1217	222	4222
1223	神射营	104	2		1023				1222	1	1218	223	4223
1224	神射营	104	2		1024				1223	1	1219	224	4224
1225	神射营	104	2		1025				1224	1	1220	225	4225
1226	神射营	104	2		1026				1225	1	1221	226	4226
1227	神射营	104	2		1027				1226	1	1222	227	4227
1228	神射营	104	2		1028				1227	1	1223	228	4228
1229	神射营	104	2		1029				1228	1	1224	229	4229
1230	神射营	104	2		1030				1229	1	1225	230	4230
1231	神射营	104	2		1031				1230	1	1226	231	4231
1232	神射营	104	2		1032				1231	1	1227	232	4232
1233	神射营	104	2		1033				1232	1	1228	233	4233
1234	神射营	104	2		1034				1233	1	1229	234	4234
1235	神射营	104	2		1035				1234	1	1230	235	4235
1236	神射营	104	2		1036				1235	1	1231	236	4236
1237	神射营	104	2		1037				1236	1	1232	237	4237
1238	神射营	104	2		1038				1237	1	1233	238	4238
1239	神射营	104	2		1039				1238	1	1234	239	4239
1240	神射营	104	2		1040				1239	1	1235	240	4240
1241	神射营	104	2		1041				1240	1	1236	241	4241
1242	神射营	104	2		1042				1241	1	1237	242	4242
1243	神射营	104	2		1043				1242	1	1238	243	4243
1244	神射营	104	2		1044				1243	1	1239	244	4244
1245	神射营	104	2		1045				1244	1	1240	245	4245
1246	神射营	104	2		1046				1245	1	1241	246	4246
1247	神射营	104	2		1047				1246	1	1242	247	4247
1248	神射营	104	2		1048				1247	1	1243	248	4248
1249	神射营	104	2		1049				1248	1	1244	249	4249
1250	神射营	104	2		1050				1249	1	1245	250	4250
													
1251	虎贲营	105	2		1001					1	1251	251	4251
1252	虎贲营	105	2		1002				1251	1	1251	252	4252
1253	虎贲营	105	2		1003				1252	1	1251	253	4253
1254	虎贲营	105	2		1004				1253	1	1251	254	4254
1255	虎贲营	105	2		1005				1254	1	1251	255	4255
1256	虎贲营	105	2		1006				1255	1	1251	256	4256
1257	虎贲营	105	2		1007				1256	1	1252	257	4257
1258	虎贲营	105	2		1008				1257	1	1253	258	4258
1259	虎贲营	105	2		1009				1258	1	1254	259	4259
1260	虎贲营	105	2		1010				1259	1	1255	260	4260
1261	虎贲营	105	2		1011				1260	1	1256	261	4261
1262	虎贲营	105	2		1012				1261	1	1257	262	4262
1263	虎贲营	105	2		1013				1262	1	1258	263	4263
1264	虎贲营	105	2		1014				1263	1	1259	264	4264
1265	虎贲营	105	2		1015				1264	1	1260	265	4265
1266	虎贲营	105	2		1016				1265	1	1261	266	4266
1267	虎贲营	105	2		1017				1266	1	1262	267	4267
1268	虎贲营	105	2		1018				1267	1	1263	268	4268
1269	虎贲营	105	2		1019				1268	1	1264	269	4269
1270	虎贲营	105	2		1020				1269	1	1265	270	4270
1271	虎贲营	105	2		1021				1270	1	1266	271	4271
1272	虎贲营	105	2		1022				1271	1	1267	272	4272
1273	虎贲营	105	2		1023				1272	1	1268	273	4273
1274	虎贲营	105	2		1024				1273	1	1269	274	4274
1275	虎贲营	105	2		1025				1274	1	1270	275	4275
1276	虎贲营	105	2		1026				1275	1	1271	276	4276
1277	虎贲营	105	2		1027				1276	1	1272	277	4277
1278	虎贲营	105	2		1028				1277	1	1273	278	4278
1279	虎贲营	105	2		1029				1278	1	1274	279	4279
1280	虎贲营	105	2		1030				1279	1	1275	280	4280
1281	虎贲营	105	2		1031				1280	1	1276	281	4281
1282	虎贲营	105	2		1032				1281	1	1277	282	4282
1283	虎贲营	105	2		1033				1282	1	1278	283	4283
1284	虎贲营	105	2		1034				1283	1	1279	284	4284
1285	虎贲营	105	2		1035				1284	1	1280	285	4285
1286	虎贲营	105	2		1036				1285	1	1281	286	4286
1287	虎贲营	105	2		1037				1286	1	1282	287	4287
1288	虎贲营	105	2		1038				1287	1	1283	288	4288
1289	虎贲营	105	2		1039				1288	1	1284	289	4289
1290	虎贲营	105	2		1040				1289	1	1285	290	4290
1291	虎贲营	105	2		1041				1290	1	1286	291	4291
1292	虎贲营	105	2		1042				1291	1	1287	292	4292
1293	虎贲营	105	2		1043				1292	1	1288	293	4293
1294	虎贲营	105	2		1044				1293	1	1289	294	4294
1295	虎贲营	105	2		1045				1294	1	1290	295	4295
1296	虎贲营	105	2		1046				1295	1	1291	296	4296
1297	虎贲营	105	2		1047				1296	1	1292	297	4297
1298	虎贲营	105	2		1048				1297	1	1293	298	4298
1299	虎贲营	105	2		1049				1298	1	1294	299	4299
1300	虎贲营	105	2		1050				1299	1	1295	300	4300
													
1301	虎贲营	106	2		1001					1	1301	301	4301
1302	虎贲营	106	2		1002				1301	1	1301	302	4302
1303	虎贲营	106	2		1003				1302	1	1301	303	4303
1304	虎贲营	106	2		1004				1303	1	1301	304	4304
1305	虎贲营	106	2		1005				1304	1	1301	305	4305
1306	虎贲营	106	2		1006				1305	1	1301	306	4306
1307	虎贲营	106	2		1007				1306	1	1302	307	4307
1308	虎贲营	106	2		1008				1307	1	1303	308	4308
1309	虎贲营	106	2		1009				1308	1	1304	309	4309
1310	虎贲营	106	2		1010				1309	1	1305	310	4310
1311	虎贲营	106	2		1011				1310	1	1306	311	4311
1312	虎贲营	106	2		1012				1311	1	1307	312	4312
1313	虎贲营	106	2		1013				1312	1	1308	313	4313
1314	虎贲营	106	2		1014				1313	1	1309	314	4314
1315	虎贲营	106	2		1015				1314	1	1310	315	4315
1316	虎贲营	106	2		1016				1315	1	1311	316	4316
1317	虎贲营	106	2		1017				1316	1	1312	317	4317
1318	虎贲营	106	2		1018				1317	1	1313	318	4318
1319	虎贲营	106	2		1019				1318	1	1314	319	4319
1320	虎贲营	106	2		1020				1319	1	1315	320	4320
1321	虎贲营	106	2		1021				1320	1	1316	321	4321
1322	虎贲营	106	2		1022				1321	1	1317	322	4322
1323	虎贲营	106	2		1023				1322	1	1318	323	4323
1324	虎贲营	106	2		1024				1323	1	1319	324	4324
1325	虎贲营	106	2		1025				1324	1	1320	325	4325
1326	虎贲营	106	2		1026				1325	1	1321	326	4326
1327	虎贲营	106	2		1027				1326	1	1322	327	4327
1328	虎贲营	106	2		1028				1327	1	1323	328	4328
1329	虎贲营	106	2		1029				1328	1	1324	329	4329
1330	虎贲营	106	2		1030				1329	1	1325	330	4330
1331	虎贲营	106	2		1031				1330	1	1326	331	4331
1332	虎贲营	106	2		1032				1331	1	1327	332	4332
1333	虎贲营	106	2		1033				1332	1	1328	333	4333
1334	虎贲营	106	2		1034				1333	1	1329	334	4334
1335	虎贲营	106	2		1035				1334	1	1330	335	4335
1336	虎贲营	106	2		1036				1335	1	1331	336	4336
1337	虎贲营	106	2		1037				1336	1	1332	337	4337
1338	虎贲营	106	2		1038				1337	1	1333	338	4338
1339	虎贲营	106	2		1039				1338	1	1334	339	4339
1340	虎贲营	106	2		1040				1339	1	1335	340	4340
1341	虎贲营	106	2		1041				1340	1	1336	341	4341
1342	虎贲营	106	2		1042				1341	1	1337	342	4342
1343	虎贲营	106	2		1043				1342	1	1338	343	4343
1344	虎贲营	106	2		1044				1343	1	1339	344	4344
1345	虎贲营	106	2		1045				1344	1	1340	345	4345
1346	虎贲营	106	2		1046				1345	1	1341	346	4346
1347	虎贲营	106	2		1047				1346	1	1342	347	4347
1348	虎贲营	106	2		1048				1347	1	1343	348	4348
1349	虎贲营	106	2		1049				1348	1	1344	349	4349
1350	虎贲营	106	2		1050				1349	1	1345	350	4350
													
1351	神射营	107	2		1022					0	1351	351	4351
1352	神射营	107	2		1022				1351	1	1351	352	4352
1353	神射营	107	2		1022				1352	1	1351	353	4353
1354	神射营	107	2		1022				1353	1	1351	354	4354
1355	神射营	107	2		1022				1354	1	1351	355	4355
1356	神射营	107	2		1022				1355	1	1351	356	4356
1357	神射营	107	2		1022				1356	1	1352	357	4357
1358	神射营	107	2		1022				1357	1	1353	358	4358
1359	神射营	107	2		1022				1358	1	1354	359	4359
1360	神射营	107	2		1022				1359	1	1355	360	4360
1361	神射营	107	2		1022				1360	1	1356	361	4361
1362	神射营	107	2		1022				1361	1	1357	362	4362
1363	神射营	107	2		1022				1362	1	1358	363	4363
1364	神射营	107	2		1022				1363	1	1359	364	4364
1365	神射营	107	2		1022				1364	1	1360	365	4365
1366	神射营	107	2		1022				1365	1	1361	366	4366
1367	神射营	107	2		1022				1366	1	1362	367	4367
1368	神射营	107	2		1022				1367	1	1363	368	4368
1369	神射营	107	2		1022				1368	1	1364	369	4369
1370	神射营	107	2		1022				1369	1	1365	370	4370
1371	神射营	107	2		1022				1370	1	1366	371	4371
1372	神射营	107	2		1022				1371	1	1367	372	4372
1373	神射营	107	2		1023				1372	1	1368	373	4373
1374	神射营	107	2		1024				1373	1	1369	374	4374
1375	神射营	107	2		1025				1374	1	1370	375	4375
1376	神射营	107	2		1026				1375	1	1371	376	4376
1377	神射营	107	2		1027				1376	1	1372	377	4377
1378	神射营	107	2		1028				1377	1	1373	378	4378
1379	神射营	107	2		1029				1378	1	1374	379	4379
1380	神射营	107	2		1030				1379	1	1375	380	4380
1381	神射营	107	2		1031				1380	1	1376	381	4381
1382	神射营	107	2		1032				1381	1	1377	382	4382
1383	神射营	107	2		1033				1382	1	1378	383	4383
1384	神射营	107	2		1034				1383	1	1379	384	4384
1385	神射营	107	2		1035				1384	1	1380	385	4385
1386	神射营	107	2		1036				1385	1	1381	386	4386
1387	神射营	107	2		1037				1386	1	1382	387	4387
1388	神射营	107	2		1038				1387	1	1383	388	4388
1389	神射营	107	2		1039				1388	1	1384	389	4389
1390	神射营	107	2		1040				1389	1	1385	390	4390
1391	神射营	107	2		1041				1390	1	1386	391	4391
1392	神射营	107	2		1042				1391	1	1387	392	4392
1393	神射营	107	2		1043				1392	1	1388	393	4393
1394	神射营	107	2		1044				1393	1	1389	394	4394
1395	神射营	107	2		1045				1394	1	1390	395	4395
1396	神射营	107	2		1046				1395	1	1391	396	4396
1397	神射营	107	2		1047				1396	1	1392	397	4397
1398	神射营	107	2		1048				1397	1	1393	398	4398
1399	神射营	107	2		1049				1398	1	1394	399	4399
1400	神射营	107	2		1050				1399	1	1395	400	4400
													
1401	神射营	108	2		1022					0	1401	401	4401
1402	神射营	108	2		1022				1401	1	1401	402	4402
1403	神射营	108	2		1022				1402	1	1401	403	4403
1404	神射营	108	2		1022				1403	1	1401	404	4404
1405	神射营	108	2		1022				1404	1	1401	405	4405
1406	神射营	108	2		1022				1405	1	1401	406	4406
1407	神射营	108	2		1022				1406	1	1402	407	4407
1408	神射营	108	2		1022				1407	1	1403	408	4408
1409	神射营	108	2		1022				1408	1	1404	409	4409
1410	神射营	108	2		1022				1409	1	1405	410	4410
1411	神射营	108	2		1022				1410	1	1406	411	4411
1412	神射营	108	2		1022				1411	1	1407	412	4412
1413	神射营	108	2		1022				1412	1	1408	413	4413
1414	神射营	108	2		1022				1413	1	1409	414	4414
1415	神射营	108	2		1022				1414	1	1410	415	4415
1416	神射营	108	2		1022				1415	1	1411	416	4416
1417	神射营	108	2		1022				1416	1	1412	417	4417
1418	神射营	108	2		1022				1417	1	1413	418	4418
1419	神射营	108	2		1022				1418	1	1414	419	4419
1420	神射营	108	2		1022				1419	1	1415	420	4420
1421	神射营	108	2		1022				1420	1	1416	421	4421
1422	神射营	108	2		1022				1421	1	1417	422	4422
1423	神射营	108	2		1023				1422	1	1418	423	4423
1424	神射营	108	2		1024				1423	1	1419	424	4424
1425	神射营	108	2		1025				1424	1	1420	425	4425
1426	神射营	108	2		1026				1425	1	1421	426	4426
1427	神射营	108	2		1027				1426	1	1422	427	4427
1428	神射营	108	2		1028				1427	1	1423	428	4428
1429	神射营	108	2		1029				1428	1	1424	429	4429
1430	神射营	108	2		1030				1429	1	1425	430	4430
1431	神射营	108	2		1031				1430	1	1426	431	4431
1432	神射营	108	2		1032				1431	1	1427	432	4432
1433	神射营	108	2		1033				1432	1	1428	433	4433
1434	神射营	108	2		1034				1433	1	1429	434	4434
1435	神射营	108	2		1035				1434	1	1430	435	4435
1436	神射营	108	2		1036				1435	1	1431	436	4436
1437	神射营	108	2		1037				1436	1	1432	437	4437
1438	神射营	108	2		1038				1437	1	1433	438	4438
1439	神射营	108	2		1039				1438	1	1434	439	4439
1440	神射营	108	2		1040				1439	1	1435	440	4440
1441	神射营	108	2		1041				1440	1	1436	441	4441
1442	神射营	108	2		1042				1441	1	1437	442	4442
1443	神射营	108	2		1043				1442	1	1438	443	4443
1444	神射营	108	2		1044				1443	1	1439	444	4444
1445	神射营	108	2		1045				1444	1	1440	445	4445
1446	神射营	108	2		1046				1445	1	1441	446	4446
1447	神射营	108	2		1047				1446	1	1442	447	4447
1448	神射营	108	2		1048				1447	1	1443	448	4448
1449	神射营	108	2		1049				1448	1	1444	449	4449
1450	神射营	108	2		1050				1449	1	1445	450	4450
													
1451	虎贲营	109	2		1022					0	1451	451	4451
1452	虎贲营	109	2		1022				1451	1	1451	452	4452
1453	虎贲营	109	2		1022				1452	1	1451	453	4453
1454	虎贲营	109	2		1022				1453	1	1451	454	4454
1455	虎贲营	109	2		1022				1454	1	1451	455	4455
1456	虎贲营	109	2		1022				1455	1	1451	456	4456
1457	虎贲营	109	2		1022				1456	1	1452	457	4457
1458	虎贲营	109	2		1022				1457	1	1453	458	4458
1459	虎贲营	109	2		1022				1458	1	1454	459	4459
1460	虎贲营	109	2		1022				1459	1	1455	460	4460
1461	虎贲营	109	2		1022				1460	1	1456	461	4461
1462	虎贲营	109	2		1022				1461	1	1457	462	4462
1463	虎贲营	109	2		1022				1462	1	1458	463	4463
1464	虎贲营	109	2		1022				1463	1	1459	464	4464
1465	虎贲营	109	2		1022				1464	1	1460	465	4465
1466	虎贲营	109	2		1022				1465	1	1461	466	4466
1467	虎贲营	109	2		1022				1466	1	1462	467	4467
1468	虎贲营	109	2		1022				1467	1	1463	468	4468
1469	虎贲营	109	2		1022				1468	1	1464	469	4469
1470	虎贲营	109	2		1022				1469	1	1465	470	4470
1471	虎贲营	109	2		1022				1470	1	1466	471	4471
1472	虎贲营	109	2		1022				1471	1	1467	472	4472
1473	虎贲营	109	2		1023				1472	1	1468	473	4473
1474	虎贲营	109	2		1024				1473	1	1469	474	4474
1475	虎贲营	109	2		1025				1474	1	1470	475	4475
1476	虎贲营	109	2		1026				1475	1	1471	476	4476
1477	虎贲营	109	2		1027				1476	1	1472	477	4477
1478	虎贲营	109	2		1028				1477	1	1473	478	4478
1479	虎贲营	109	2		1029				1478	1	1474	479	4479
1480	虎贲营	109	2		1030				1479	1	1475	480	4480
1481	虎贲营	109	2		1031				1480	1	1476	481	4481
1482	虎贲营	109	2		1032				1481	1	1477	482	4482
1483	虎贲营	109	2		1033				1482	1	1478	483	4483
1484	虎贲营	109	2		1034				1483	1	1479	484	4484
1485	虎贲营	109	2		1035				1484	1	1480	485	4485
1486	虎贲营	109	2		1036				1485	1	1481	486	4486
1487	虎贲营	109	2		1037				1486	1	1482	487	4487
1488	虎贲营	109	2		1038				1487	1	1483	488	4488
1489	虎贲营	109	2		1039				1488	1	1484	489	4489
1490	虎贲营	109	2		1040				1489	1	1485	490	4490
1491	虎贲营	109	2		1041				1490	1	1486	491	4491
1492	虎贲营	109	2		1042				1491	1	1487	492	4492
1493	虎贲营	109	2		1043				1492	1	1488	493	4493
1494	虎贲营	109	2		1044				1493	1	1489	494	4494
1495	虎贲营	109	2		1045				1494	1	1490	495	4495
1496	虎贲营	109	2		1046				1495	1	1491	496	4496
1497	虎贲营	109	2		1047				1496	1	1492	497	4497
1498	虎贲营	109	2		1048				1497	1	1493	498	4498
1499	虎贲营	109	2		1049				1498	1	1494	499	4499
1500	虎贲营	109	2		1050				1499	1	1495	500	4500
													
1501	虎贲营	110	2		1022					0	1501	501	4501
1502	虎贲营	110	2		1022				1501	1	1501	502	4502
1503	虎贲营	110	2		1022				1502	1	1501	503	4503
1504	虎贲营	110	2		1022				1503	1	1501	504	4504
1505	虎贲营	110	2		1022				1504	1	1501	505	4505
1506	虎贲营	110	2		1022				1505	1	1501	506	4506
1507	虎贲营	110	2		1022				1506	1	1502	507	4507
1508	虎贲营	110	2		1022				1507	1	1503	508	4508
1509	虎贲营	110	2		1022				1508	1	1504	509	4509
1510	虎贲营	110	2		1022				1509	1	1505	510	4510
1511	虎贲营	110	2		1022				1510	1	1506	511	4511
1512	虎贲营	110	2		1022				1511	1	1507	512	4512
1513	虎贲营	110	2		1022				1512	1	1508	513	4513
1514	虎贲营	110	2		1022				1513	1	1509	514	4514
1515	虎贲营	110	2		1022				1514	1	1510	515	4515
1516	虎贲营	110	2		1022				1515	1	1511	516	4516
1517	虎贲营	110	2		1022				1516	1	1512	517	4517
1518	虎贲营	110	2		1022				1517	1	1513	518	4518
1519	虎贲营	110	2		1022				1518	1	1514	519	4519
1520	虎贲营	110	2		1022				1519	1	1515	520	4520
1521	虎贲营	110	2		1022				1520	1	1516	521	4521
1522	虎贲营	110	2		1022				1521	1	1517	522	4522
1523	虎贲营	110	2		1023				1522	1	1518	523	4523
1524	虎贲营	110	2		1024				1523	1	1519	524	4524
1525	虎贲营	110	2		1025				1524	1	1520	525	4525
1526	虎贲营	110	2		1026				1525	1	1521	526	4526
1527	虎贲营	110	2		1027				1526	1	1522	527	4527
1528	虎贲营	110	2		1028				1527	1	1523	528	4528
1529	虎贲营	110	2		1029				1528	1	1524	529	4529
1530	虎贲营	110	2		1030				1529	1	1525	530	4530
1531	虎贲营	110	2		1031				1530	1	1526	531	4531
1532	虎贲营	110	2		1032				1531	1	1527	532	4532
1533	虎贲营	110	2		1033				1532	1	1528	533	4533
1534	虎贲营	110	2		1034				1533	1	1529	534	4534
1535	虎贲营	110	2		1035				1534	1	1530	535	4535
1536	虎贲营	110	2		1036				1535	1	1531	536	4536
1537	虎贲营	110	2		1037				1536	1	1532	537	4537
1538	虎贲营	110	2		1038				1537	1	1533	538	4538
1539	虎贲营	110	2		1039				1538	1	1534	539	4539
1540	虎贲营	110	2		1040				1539	1	1535	540	4540
1541	虎贲营	110	2		1041				1540	1	1536	541	4541
1542	虎贲营	110	2		1042				1541	1	1537	542	4542
1543	虎贲营	110	2		1043				1542	1	1538	543	4543
1544	虎贲营	110	2		1044				1543	1	1539	544	4544
1545	虎贲营	110	2		1045				1544	1	1540	545	4545
1546	虎贲营	110	2		1046				1545	1	1541	546	4546
1547	虎贲营	110	2		1047				1546	1	1542	547	4547
1548	虎贲营	110	2		1048				1547	1	1543	548	4548
1549	虎贲营	110	2		1049				1548	1	1544	549	4549
1550	虎贲营	110	2		1050				1549	1	1545	550	4550
													
2001	司马府	200	3	31			20001			1	2001	1	4001
2002	司马府	200	3	32			20002		2001	1	2001	2	4002
2003	司马府	200	3	33			20003		2002	1	2001	3	4003
2004	司马府	200	3	34			20004		2003	1	2001	4	4004
2005	司马府	200	3	35			20005		2004	1	2001	5	4005
2006	司马府	200	3	36			20006		2005	1	2001	6	4006
2007	司马府	200	3	37			20007		2006	1	2002	7	4007
2008	司马府	200	3	38			20008		2007	1	2003	8	4008
2009	司马府	200	3	39			20009		2008	1	2004	9	4009
2010	司马府	200	3	40			20010		2009	1	2005	10	4010
2011	司马府	200	3	41			20011		2010	1	2006	11	4011
2012	司马府	200	3	42			20012		2011	1	2007	12	4012
2013	司马府	200	3	43			20013		2012	1	2008	13	4013
2014	司马府	200	3	44			20014		2013	1	2009	14	4014
2015	司马府	200	3	45			20015		2014	1	2010	15	4015
2016	司马府	200	3	46			20016		2015	1	2011	16	4016
2017	司马府	200	3	47			20017		2016	1	2012	17	4017
2018	司马府	200	3	48			20018		2017	1	2013	18	4018
2019	司马府	200	3	49			20019		2018	1	2014	19	4019
2020	司马府	200	3	50			20020		2019	1	2015	20	4020
2021	司马府	200	3	51			20021		2020	1	2016	21	4021
2022	司马府	200	3	52			20022		2021	1	2017	22	4022
2023	司马府	200	3	53			20023		2022	1	2018	23	4023
2024	司马府	200	3	54			20024		2023	1	2019	24	4024
2025	司马府	200	3	55			20025		2024	1	2020	25	4025
2026	司马府	200	3	56			20026		2025	1	2021	26	4026
2027	司马府	200	3	57			20027		2026	1	2022	27	4027
2028	司马府	200	3	58			20028		2027	1	2023	28	4028
2029	司马府	200	3	59			20029		2028	1	2024	29	4029
2030	司马府	200	3	60			20030		2029	1	2025	30	4030
2031	司马府	200	3	61			20031		2030	1	2026	31	4031
2032	司马府	200	3	62			20032		2031	1	2027	32	4032
2033	司马府	200	3	63			20033		2032	1	2028	33	4033
2034	司马府	200	3	64			20034		2033	1	2029	34	4034
2035	司马府	200	3	65			20035		2034	1	2030	35	4035
2036	司马府	200	3	66			20036		2035	1	2031	36	4036
2037	司马府	200	3	67			20037		2036	1	2032	37	4037
2038	司马府	200	3	68			20038		2037	1	2033	38	4038
2039	司马府	200	3	69			20039		2038	1	2034	39	4039
2040	司马府	200	3	70			20040		2039	1	2035	40	4040
2041	司马府	200	3	71			20041		2040	1	2036	41	4041
2042	司马府	200	3	72			20042		2041	1	2037	42	4042
2043	司马府	200	3	73			20043		2042	1	2038	43	4043
2044	司马府	200	3	74			20044		2043	1	2039	44	4044
2045	司马府	200	3	75			20045		2044	1	2040	45	4045
2046	司马府	200	3	76			20046		2045	1	2041	46	4046
2047	司马府	200	3	77			20047		2046	1	2042	47	4047
2048	司马府	200	3	78			20048		2047	1	2043	48	4048
2049	司马府	200	3	79			20049		2048	1	2044	49	4049
2050	司马府	200	3	80			20050		2049	1	2045	50	4050
													
2051	修炼所	201	3		2001					1	2051	51	4051
2052	修炼所	201	3		2002				2051	1	2051	52	4052
2053	修炼所	201	3		2003				2052	1	2051	53	4053
2054	修炼所	201	3		2004				2053	1	2051	54	4054
2055	修炼所	201	3		2005				2054	1	2051	55	4055
2056	修炼所	201	3		2006				2055	1	2051	56	4056
2057	修炼所	201	3		2007				2056	1	2052	57	4057
2058	修炼所	201	3		2008				2057	1	2053	58	4058
2059	修炼所	201	3		2009				2058	1	2054	59	4059
2060	修炼所	201	3		2010				2059	1	2055	60	4060
2061	修炼所	201	3		2011				2060	1	2056	61	4061
2062	修炼所	201	3		2012				2061	1	2057	62	4062
2063	修炼所	201	3		2013				2062	1	2058	63	4063
2064	修炼所	201	3		2014				2063	1	2059	64	4064
2065	修炼所	201	3		2015				2064	1	2060	65	4065
2066	修炼所	201	3		2016				2065	1	2061	66	4066
2067	修炼所	201	3		2017				2066	1	2062	67	4067
2068	修炼所	201	3		2018				2067	1	2063	68	4068
2069	修炼所	201	3		2019				2068	1	2064	69	4069
2070	修炼所	201	3		2020				2069	1	2065	70	4070
2071	修炼所	201	3		2021				2070	1	2066	71	4071
2072	修炼所	201	3		2022				2071	1	2067	72	4072
2073	修炼所	201	3		2023				2072	1	2068	73	4073
2074	修炼所	201	3		2024				2073	1	2069	74	4074
2075	修炼所	201	3		2025				2074	1	2070	75	4075
2076	修炼所	201	3		2026				2075	1	2071	76	4076
2077	修炼所	201	3		2027				2076	1	2072	77	4077
2078	修炼所	201	3		2028				2077	1	2073	78	4078
2079	修炼所	201	3		2029				2078	1	2074	79	4079
2080	修炼所	201	3		2030				2079	1	2075	80	4080
2081	修炼所	201	3		2031				2080	1	2076	81	4081
2082	修炼所	201	3		2032				2081	1	2077	82	4082
2083	修炼所	201	3		2033				2082	1	2078	83	4083
2084	修炼所	201	3		2034				2083	1	2079	84	4084
2085	修炼所	201	3		2035				2084	1	2080	85	4085
2086	修炼所	201	3		2036				2085	1	2081	86	4086
2087	修炼所	201	3		2037				2086	1	2082	87	4087
2088	修炼所	201	3		2038				2087	1	2083	88	4088
2089	修炼所	201	3		2039				2088	1	2084	89	4089
2090	修炼所	201	3		2040				2089	1	2085	90	4090
2091	修炼所	201	3		2041				2090	1	2086	91	4091
2092	修炼所	201	3		2042				2091	1	2087	92	4092
2093	修炼所	201	3		2043				2092	1	2088	93	4093
2094	修炼所	201	3		2044				2093	1	2089	94	4094
2095	修炼所	201	3		2045				2094	1	2090	95	4095
2096	修炼所	201	3		2046				2095	1	2091	96	4096
2097	修炼所	201	3		2047				2096	1	2092	97	4097
2098	修炼所	201	3		2048				2097	1	2093	98	4098
2099	修炼所	201	3		2049				2098	1	2094	99	4099
2100	修炼所	201	3		2050				2099	1	2095	100	4100
													
2101	预备兵所	202	3		2001					1	2101	101	4101
2102	预备兵所	202	3		2002				2101	1	2101	102	4102
2103	预备兵所	202	3		2003				2102	1	2101	103	4103
2104	预备兵所	202	3		2004				2103	1	2101	104	4104
2105	预备兵所	202	3		2005				2104	1	2101	105	4105
2106	预备兵所	202	3		2006				2105	1	2101	106	4106
2107	预备兵所	202	3		2007				2106	1	2102	107	4107
2108	预备兵所	202	3		2008				2107	1	2103	108	4108
2109	预备兵所	202	3		2009				2108	1	2104	109	4109
2110	预备兵所	202	3		2010				2109	1	2105	110	4110
2111	预备兵所	202	3		2011				2110	1	2106	111	4111
2112	预备兵所	202	3		2012				2111	1	2107	112	4112
2113	预备兵所	202	3		2013				2112	1	2108	113	4113
2114	预备兵所	202	3		2014				2113	1	2109	114	4114
2115	预备兵所	202	3		2015				2114	1	2110	115	4115
2116	预备兵所	202	3		2016				2115	1	2111	116	4116
2117	预备兵所	202	3		2017				2116	1	2112	117	4117
2118	预备兵所	202	3		2018				2117	1	2113	118	4118
2119	预备兵所	202	3		2019				2118	1	2114	119	4119
2120	预备兵所	202	3		2020				2119	1	2115	120	4120
2121	预备兵所	202	3		2021				2120	1	2116	121	4121
2122	预备兵所	202	3		2022				2121	1	2117	122	4122
2123	预备兵所	202	3		2023				2122	1	2118	123	4123
2124	预备兵所	202	3		2024				2123	1	2119	124	4124
2125	预备兵所	202	3		2025				2124	1	2120	125	4125
2126	预备兵所	202	3		2026				2125	1	2121	126	4126
2127	预备兵所	202	3		2027				2126	1	2122	127	4127
2128	预备兵所	202	3		2028				2127	1	2123	128	4128
2129	预备兵所	202	3		2029				2128	1	2124	129	4129
2130	预备兵所	202	3		2030				2129	1	2125	130	4130
2131	预备兵所	202	3		2031				2130	1	2126	131	4131
2132	预备兵所	202	3		2032				2131	1	2127	132	4132
2133	预备兵所	202	3		2033				2132	1	2128	133	4133
2134	预备兵所	202	3		2034				2133	1	2129	134	4134
2135	预备兵所	202	3		2035				2134	1	2130	135	4135
2136	预备兵所	202	3		2036				2135	1	2131	136	4136
2137	预备兵所	202	3		2037				2136	1	2132	137	4137
2138	预备兵所	202	3		2038				2137	1	2133	138	4138
2139	预备兵所	202	3		2039				2138	1	2134	139	4139
2140	预备兵所	202	3		2040				2139	1	2135	140	4140
2141	预备兵所	202	3		2041				2140	1	2136	141	4141
2142	预备兵所	202	3		2042				2141	1	2137	142	4142
2143	预备兵所	202	3		2043				2142	1	2138	143	4143
2144	预备兵所	202	3		2044				2143	1	2139	144	4144
2145	预备兵所	202	3		2045				2144	1	2140	145	4145
2146	预备兵所	202	3		2046				2145	1	2141	146	4146
2147	预备兵所	202	3		2047				2146	1	2142	147	4147
2148	预备兵所	202	3		2048				2147	1	2143	148	4148
2149	预备兵所	202	3		2049				2148	1	2144	149	4149
2150	预备兵所	202	3		2050				2149	1	2145	150	4150
													
2151	神射营	203	3		2001					1	2151	151	4151
2152	神射营	203	3		2002				2151	1	2151	152	4152
2153	神射营	203	3		2003				2152	1	2151	153	4153
2154	神射营	203	3		2004				2153	1	2151	154	4154
2155	神射营	203	3		2005				2154	1	2151	155	4155
2156	神射营	203	3		2006				2155	1	2151	156	4156
2157	神射营	203	3		2007				2156	1	2152	157	4157
2158	神射营	203	3		2008				2157	1	2153	158	4158
2159	神射营	203	3		2009				2158	1	2154	159	4159
2160	神射营	203	3		2010				2159	1	2155	160	4160
2161	神射营	203	3		2011				2160	1	2156	161	4161
2162	神射营	203	3		2012				2161	1	2157	162	4162
2163	神射营	203	3		2013				2162	1	2158	163	4163
2164	神射营	203	3		2014				2163	1	2159	164	4164
2165	神射营	203	3		2015				2164	1	2160	165	4165
2166	神射营	203	3		2016				2165	1	2161	166	4166
2167	神射营	203	3		2017				2166	1	2162	167	4167
2168	神射营	203	3		2018				2167	1	2163	168	4168
2169	神射营	203	3		2019				2168	1	2164	169	4169
2170	神射营	203	3		2020				2169	1	2165	170	4170
2171	神射营	203	3		2021				2170	1	2166	171	4171
2172	神射营	203	3		2022				2171	1	2167	172	4172
2173	神射营	203	3		2023				2172	1	2168	173	4173
2174	神射营	203	3		2024				2173	1	2169	174	4174
2175	神射营	203	3		2025				2174	1	2170	175	4175
2176	神射营	203	3		2026				2175	1	2171	176	4176
2177	神射营	203	3		2027				2176	1	2172	177	4177
2178	神射营	203	3		2028				2177	1	2173	178	4178
2179	神射营	203	3		2029				2178	1	2174	179	4179
2180	神射营	203	3		2030				2179	1	2175	180	4180
2181	神射营	203	3		2031				2180	1	2176	181	4181
2182	神射营	203	3		2032				2181	1	2177	182	4182
2183	神射营	203	3		2033				2182	1	2178	183	4183
2184	神射营	203	3		2034				2183	1	2179	184	4184
2185	神射营	203	3		2035				2184	1	2180	185	4185
2186	神射营	203	3		2036				2185	1	2181	186	4186
2187	神射营	203	3		2037				2186	1	2182	187	4187
2188	神射营	203	3		2038				2187	1	2183	188	4188
2189	神射营	203	3		2039				2188	1	2184	189	4189
2190	神射营	203	3		2040				2189	1	2185	190	4190
2191	神射营	203	3		2041				2190	1	2186	191	4191
2192	神射营	203	3		2042				2191	1	2187	192	4192
2193	神射营	203	3		2043				2192	1	2188	193	4193
2194	神射营	203	3		2044				2193	1	2189	194	4194
2195	神射营	203	3		2045				2194	1	2190	195	4195
2196	神射营	203	3		2046				2195	1	2191	196	4196
2197	神射营	203	3		2047				2196	1	2192	197	4197
2198	神射营	203	3		2048				2197	1	2193	198	4198
2199	神射营	203	3		2049				2198	1	2194	199	4199
2200	神射营	203	3		2050				2199	1	2195	200	4200
													
2201	神射营	204	3		2001					1	2201	201	4201
2202	神射营	204	3		2002				2201	1	2201	202	4202
2203	神射营	204	3		2003				2202	1	2201	203	4203
2204	神射营	204	3		2004				2203	1	2201	204	4204
2205	神射营	204	3		2005				2204	1	2201	205	4205
2206	神射营	204	3		2006				2205	1	2201	206	4206
2207	神射营	204	3		2007				2206	1	2202	207	4207
2208	神射营	204	3		2008				2207	1	2203	208	4208
2209	神射营	204	3		2009				2208	1	2204	209	4209
2210	神射营	204	3		2010				2209	1	2205	210	4210
2211	神射营	204	3		2011				2210	1	2206	211	4211
2212	神射营	204	3		2012				2211	1	2207	212	4212
2213	神射营	204	3		2013				2212	1	2208	213	4213
2214	神射营	204	3		2014				2213	1	2209	214	4214
2215	神射营	204	3		2015				2214	1	2210	215	4215
2216	神射营	204	3		2016				2215	1	2211	216	4216
2217	神射营	204	3		2017				2216	1	2212	217	4217
2218	神射营	204	3		2018				2217	1	2213	218	4218
2219	神射营	204	3		2019				2218	1	2214	219	4219
2220	神射营	204	3		2020				2219	1	2215	220	4220
2221	神射营	204	3		2021				2220	1	2216	221	4221
2222	神射营	204	3		2022				2221	1	2217	222	4222
2223	神射营	204	3		2023				2222	1	2218	223	4223
2224	神射营	204	3		2024				2223	1	2219	224	4224
2225	神射营	204	3		2025				2224	1	2220	225	4225
2226	神射营	204	3		2026				2225	1	2221	226	4226
2227	神射营	204	3		2027				2226	1	2222	227	4227
2228	神射营	204	3		2028				2227	1	2223	228	4228
2229	神射营	204	3		2029				2228	1	2224	229	4229
2230	神射营	204	3		2030				2229	1	2225	230	4230
2231	神射营	204	3		2031				2230	1	2226	231	4231
2232	神射营	204	3		2032				2231	1	2227	232	4232
2233	神射营	204	3		2033				2232	1	2228	233	4233
2234	神射营	204	3		2034				2233	1	2229	234	4234
2235	神射营	204	3		2035				2234	1	2230	235	4235
2236	神射营	204	3		2036				2235	1	2231	236	4236
2237	神射营	204	3		2037				2236	1	2232	237	4237
2238	神射营	204	3		2038				2237	1	2233	238	4238
2239	神射营	204	3		2039				2238	1	2234	239	4239
2240	神射营	204	3		2040				2239	1	2235	240	4240
2241	神射营	204	3		2041				2240	1	2236	241	4241
2242	神射营	204	3		2042				2241	1	2237	242	4242
2243	神射营	204	3		2043				2242	1	2238	243	4243
2244	神射营	204	3		2044				2243	1	2239	244	4244
2245	神射营	204	3		2045				2244	1	2240	245	4245
2246	神射营	204	3		2046				2245	1	2241	246	4246
2247	神射营	204	3		2047				2246	1	2242	247	4247
2248	神射营	204	3		2048				2247	1	2243	248	4248
2249	神射营	204	3		2049				2248	1	2244	249	4249
2250	神射营	204	3		2050				2249	1	2245	250	4250
													
2251	虎贲营	205	3		2001					1	2251	251	4251
2252	虎贲营	205	3		2002				2251	1	2251	252	4252
2253	虎贲营	205	3		2003				2252	1	2251	253	4253
2254	虎贲营	205	3		2004				2253	1	2251	254	4254
2255	虎贲营	205	3		2005				2254	1	2251	255	4255
2256	虎贲营	205	3		2006				2255	1	2251	256	4256
2257	虎贲营	205	3		2007				2256	1	2252	257	4257
2258	虎贲营	205	3		2008				2257	1	2253	258	4258
2259	虎贲营	205	3		2009				2258	1	2254	259	4259
2260	虎贲营	205	3		2010				2259	1	2255	260	4260
2261	虎贲营	205	3		2011				2260	1	2256	261	4261
2262	虎贲营	205	3		2012				2261	1	2257	262	4262
2263	虎贲营	205	3		2013				2262	1	2258	263	4263
2264	虎贲营	205	3		2014				2263	1	2259	264	4264
2265	虎贲营	205	3		2015				2264	1	2260	265	4265
2266	虎贲营	205	3		2016				2265	1	2261	266	4266
2267	虎贲营	205	3		2017				2266	1	2262	267	4267
2268	虎贲营	205	3		2018				2267	1	2263	268	4268
2269	虎贲营	205	3		2019				2268	1	2264	269	4269
2270	虎贲营	205	3		2020				2269	1	2265	270	4270
2271	虎贲营	205	3		2021				2270	1	2266	271	4271
2272	虎贲营	205	3		2022				2271	1	2267	272	4272
2273	虎贲营	205	3		2023				2272	1	2268	273	4273
2274	虎贲营	205	3		2024				2273	1	2269	274	4274
2275	虎贲营	205	3		2025				2274	1	2270	275	4275
2276	虎贲营	205	3		2026				2275	1	2271	276	4276
2277	虎贲营	205	3		2027				2276	1	2272	277	4277
2278	虎贲营	205	3		2028				2277	1	2273	278	4278
2279	虎贲营	205	3		2029				2278	1	2274	279	4279
2280	虎贲营	205	3		2030				2279	1	2275	280	4280
2281	虎贲营	205	3		2031				2280	1	2276	281	4281
2282	虎贲营	205	3		2032				2281	1	2277	282	4282
2283	虎贲营	205	3		2033				2282	1	2278	283	4283
2284	虎贲营	205	3		2034				2283	1	2279	284	4284
2285	虎贲营	205	3		2035				2284	1	2280	285	4285
2286	虎贲营	205	3		2036				2285	1	2281	286	4286
2287	虎贲营	205	3		2037				2286	1	2282	287	4287
2288	虎贲营	205	3		2038				2287	1	2283	288	4288
2289	虎贲营	205	3		2039				2288	1	2284	289	4289
2290	虎贲营	205	3		2040				2289	1	2285	290	4290
2291	虎贲营	205	3		2041				2290	1	2286	291	4291
2292	虎贲营	205	3		2042				2291	1	2287	292	4292
2293	虎贲营	205	3		2043				2292	1	2288	293	4293
2294	虎贲营	205	3		2044				2293	1	2289	294	4294
2295	虎贲营	205	3		2045				2294	1	2290	295	4295
2296	虎贲营	205	3		2046				2295	1	2291	296	4296
2297	虎贲营	205	3		2047				2296	1	2292	297	4297
2298	虎贲营	205	3		2048				2297	1	2293	298	4298
2299	虎贲营	205	3		2049				2298	1	2294	299	4299
2300	虎贲营	205	3		2050				2299	1	2295	300	4300
													
2301	虎贲营	206	3		2001					1	2301	301	4301
2302	虎贲营	206	3		2002				2301	1	2301	302	4302
2303	虎贲营	206	3		2003				2302	1	2301	303	4303
2304	虎贲营	206	3		2004				2303	1	2301	304	4304
2305	虎贲营	206	3		2005				2304	1	2301	305	4305
2306	虎贲营	206	3		2006				2305	1	2301	306	4306
2307	虎贲营	206	3		2007				2306	1	2302	307	4307
2308	虎贲营	206	3		2008				2307	1	2303	308	4308
2309	虎贲营	206	3		2009				2308	1	2304	309	4309
2310	虎贲营	206	3		2010				2309	1	2305	310	4310
2311	虎贲营	206	3		2011				2310	1	2306	311	4311
2312	虎贲营	206	3		2012				2311	1	2307	312	4312
2313	虎贲营	206	3		2013				2312	1	2308	313	4313
2314	虎贲营	206	3		2014				2313	1	2309	314	4314
2315	虎贲营	206	3		2015				2314	1	2310	315	4315
2316	虎贲营	206	3		2016				2315	1	2311	316	4316
2317	虎贲营	206	3		2017				2316	1	2312	317	4317
2318	虎贲营	206	3		2018				2317	1	2313	318	4318
2319	虎贲营	206	3		2019				2318	1	2314	319	4319
2320	虎贲营	206	3		2020				2319	1	2315	320	4320
2321	虎贲营	206	3		2021				2320	1	2316	321	4321
2322	虎贲营	206	3		2022				2321	1	2317	322	4322
2323	虎贲营	206	3		2023				2322	1	2318	323	4323
2324	虎贲营	206	3		2024				2323	1	2319	324	4324
2325	虎贲营	206	3		2025				2324	1	2320	325	4325
2326	虎贲营	206	3		2026				2325	1	2321	326	4326
2327	虎贲营	206	3		2027				2326	1	2322	327	4327
2328	虎贲营	206	3		2028				2327	1	2323	328	4328
2329	虎贲营	206	3		2029				2328	1	2324	329	4329
2330	虎贲营	206	3		2030				2329	1	2325	330	4330
2331	虎贲营	206	3		2031				2330	1	2326	331	4331
2332	虎贲营	206	3		2032				2331	1	2327	332	4332
2333	虎贲营	206	3		2033				2332	1	2328	333	4333
2334	虎贲营	206	3		2034				2333	1	2329	334	4334
2335	虎贲营	206	3		2035				2334	1	2330	335	4335
2336	虎贲营	206	3		2036				2335	1	2331	336	4336
2337	虎贲营	206	3		2037				2336	1	2332	337	4337
2338	虎贲营	206	3		2038				2337	1	2333	338	4338
2339	虎贲营	206	3		2039				2338	1	2334	339	4339
2340	虎贲营	206	3		2040				2339	1	2335	340	4340
2341	虎贲营	206	3		2041				2340	1	2336	341	4341
2342	虎贲营	206	3		2042				2341	1	2337	342	4342
2343	虎贲营	206	3		2043				2342	1	2338	343	4343
2344	虎贲营	206	3		2044				2343	1	2339	344	4344
2345	虎贲营	206	3		2045				2344	1	2340	345	4345
2346	虎贲营	206	3		2046				2345	1	2341	346	4346
2347	虎贲营	206	3		2047				2346	1	2342	347	4347
2348	虎贲营	206	3		2048				2347	1	2343	348	4348
2349	虎贲营	206	3		2049				2348	1	2344	349	4349
2350	虎贲营	206	3		2050				2349	1	2345	350	4350
													
2351	神射营	207	3		2026					0	2351	351	4351
2352	神射营	207	3		2026				2351	1	2351	352	4352
2353	神射营	207	3		2026				2352	1	2351	353	4353
2354	神射营	207	3		2026				2353	1	2351	354	4354
2355	神射营	207	3		2026				2354	1	2351	355	4355
2356	神射营	207	3		2026				2355	1	2351	356	4356
2357	神射营	207	3		2026				2356	1	2352	357	4357
2358	神射营	207	3		2026				2357	1	2353	358	4358
2359	神射营	207	3		2026				2358	1	2354	359	4359
2360	神射营	207	3		2026				2359	1	2355	360	4360
2361	神射营	207	3		2026				2360	1	2356	361	4361
2362	神射营	207	3		2026				2361	1	2357	362	4362
2363	神射营	207	3		2026				2362	1	2358	363	4363
2364	神射营	207	3		2026				2363	1	2359	364	4364
2365	神射营	207	3		2026				2364	1	2360	365	4365
2366	神射营	207	3		2026				2365	1	2361	366	4366
2367	神射营	207	3		2026				2366	1	2362	367	4367
2368	神射营	207	3		2026				2367	1	2363	368	4368
2369	神射营	207	3		2026				2368	1	2364	369	4369
2370	神射营	207	3		2026				2369	1	2365	370	4370
2371	神射营	207	3		2026				2370	1	2366	371	4371
2372	神射营	207	3		2026				2371	1	2367	372	4372
2373	神射营	207	3		2026				2372	1	2368	373	4373
2374	神射营	207	3		2026				2373	1	2369	374	4374
2375	神射营	207	3		2026				2374	1	2370	375	4375
2376	神射营	207	3		2026				2375	1	2371	376	4376
2377	神射营	207	3		2027				2376	1	2372	377	4377
2378	神射营	207	3		2028				2377	1	2373	378	4378
2379	神射营	207	3		2029				2378	1	2374	379	4379
2380	神射营	207	3		2030				2379	1	2375	380	4380
2381	神射营	207	3		2031				2380	1	2376	381	4381
2382	神射营	207	3		2032				2381	1	2377	382	4382
2383	神射营	207	3		2033				2382	1	2378	383	4383
2384	神射营	207	3		2034				2383	1	2379	384	4384
2385	神射营	207	3		2035				2384	1	2380	385	4385
2386	神射营	207	3		2036				2385	1	2381	386	4386
2387	神射营	207	3		2037				2386	1	2382	387	4387
2388	神射营	207	3		2038				2387	1	2383	388	4388
2389	神射营	207	3		2039				2388	1	2384	389	4389
2390	神射营	207	3		2040				2389	1	2385	390	4390
2391	神射营	207	3		2041				2390	1	2386	391	4391
2392	神射营	207	3		2042				2391	1	2387	392	4392
2393	神射营	207	3		2043				2392	1	2388	393	4393
2394	神射营	207	3		2044				2393	1	2389	394	4394
2395	神射营	207	3		2045				2394	1	2390	395	4395
2396	神射营	207	3		2046				2395	1	2391	396	4396
2397	神射营	207	3		2047				2396	1	2392	397	4397
2398	神射营	207	3		2048				2397	1	2393	398	4398
2399	神射营	207	3		2049				2398	1	2394	399	4399
2400	神射营	207	3		2050				2399	1	2395	400	4400
													
2401	神射营	208	3		2026					0	2401	401	4401
2402	神射营	208	3		2026				2401	1	2401	402	4402
2403	神射营	208	3		2026				2402	1	2401	403	4403
2404	神射营	208	3		2026				2403	1	2401	404	4404
2405	神射营	208	3		2026				2404	1	2401	405	4405
2406	神射营	208	3		2026				2405	1	2401	406	4406
2407	神射营	208	3		2026				2406	1	2402	407	4407
2408	神射营	208	3		2026				2407	1	2403	408	4408
2409	神射营	208	3		2026				2408	1	2404	409	4409
2410	神射营	208	3		2026				2409	1	2405	410	4410
2411	神射营	208	3		2026				2410	1	2406	411	4411
2412	神射营	208	3		2026				2411	1	2407	412	4412
2413	神射营	208	3		2026				2412	1	2408	413	4413
2414	神射营	208	3		2026				2413	1	2409	414	4414
2415	神射营	208	3		2026				2414	1	2410	415	4415
2416	神射营	208	3		2026				2415	1	2411	416	4416
2417	神射营	208	3		2026				2416	1	2412	417	4417
2418	神射营	208	3		2026				2417	1	2413	418	4418
2419	神射营	208	3		2026				2418	1	2414	419	4419
2420	神射营	208	3		2026				2419	1	2415	420	4420
2421	神射营	208	3		2026				2420	1	2416	421	4421
2422	神射营	208	3		2026				2421	1	2417	422	4422
2423	神射营	208	3		2026				2422	1	2418	423	4423
2424	神射营	208	3		2026				2423	1	2419	424	4424
2425	神射营	208	3		2026				2424	1	2420	425	4425
2426	神射营	208	3		2026				2425	1	2421	426	4426
2427	神射营	208	3		2027				2426	1	2422	427	4427
2428	神射营	208	3		2028				2427	1	2423	428	4428
2429	神射营	208	3		2029				2428	1	2424	429	4429
2430	神射营	208	3		2030				2429	1	2425	430	4430
2431	神射营	208	3		2031				2430	1	2426	431	4431
2432	神射营	208	3		2032				2431	1	2427	432	4432
2433	神射营	208	3		2033				2432	1	2428	433	4433
2434	神射营	208	3		2034				2433	1	2429	434	4434
2435	神射营	208	3		2035				2434	1	2430	435	4435
2436	神射营	208	3		2036				2435	1	2431	436	4436
2437	神射营	208	3		2037				2436	1	2432	437	4437
2438	神射营	208	3		2038				2437	1	2433	438	4438
2439	神射营	208	3		2039				2438	1	2434	439	4439
2440	神射营	208	3		2040				2439	1	2435	440	4440
2441	神射营	208	3		2041				2440	1	2436	441	4441
2442	神射营	208	3		2042				2441	1	2437	442	4442
2443	神射营	208	3		2043				2442	1	2438	443	4443
2444	神射营	208	3		2044				2443	1	2439	444	4444
2445	神射营	208	3		2045				2444	1	2440	445	4445
2446	神射营	208	3		2046				2445	1	2441	446	4446
2447	神射营	208	3		2047				2446	1	2442	447	4447
2448	神射营	208	3		2048				2447	1	2443	448	4448
2449	神射营	208	3		2049				2448	1	2444	449	4449
2450	神射营	208	3		2050				2449	1	2445	450	4450
													
2451	虎贲营	209	3		2026					0	2451	451	4451
2452	虎贲营	209	3		2026				2451	1	2451	452	4452
2453	虎贲营	209	3		2026				2452	1	2451	453	4453
2454	虎贲营	209	3		2026				2453	1	2451	454	4454
2455	虎贲营	209	3		2026				2454	1	2451	455	4455
2456	虎贲营	209	3		2026				2455	1	2451	456	4456
2457	虎贲营	209	3		2026				2456	1	2452	457	4457
2458	虎贲营	209	3		2026				2457	1	2453	458	4458
2459	虎贲营	209	3		2026				2458	1	2454	459	4459
2460	虎贲营	209	3		2026				2459	1	2455	460	4460
2461	虎贲营	209	3		2026				2460	1	2456	461	4461
2462	虎贲营	209	3		2026				2461	1	2457	462	4462
2463	虎贲营	209	3		2026				2462	1	2458	463	4463
2464	虎贲营	209	3		2026				2463	1	2459	464	4464
2465	虎贲营	209	3		2026				2464	1	2460	465	4465
2466	虎贲营	209	3		2026				2465	1	2461	466	4466
2467	虎贲营	209	3		2026				2466	1	2462	467	4467
2468	虎贲营	209	3		2026				2467	1	2463	468	4468
2469	虎贲营	209	3		2026				2468	1	2464	469	4469
2470	虎贲营	209	3		2026				2469	1	2465	470	4470
2471	虎贲营	209	3		2026				2470	1	2466	471	4471
2472	虎贲营	209	3		2026				2471	1	2467	472	4472
2473	虎贲营	209	3		2026				2472	1	2468	473	4473
2474	虎贲营	209	3		2026				2473	1	2469	474	4474
2475	虎贲营	209	3		2026				2474	1	2470	475	4475
2476	虎贲营	209	3		2026				2475	1	2471	476	4476
2477	虎贲营	209	3		2027				2476	1	2472	477	4477
2478	虎贲营	209	3		2028				2477	1	2473	478	4478
2479	虎贲营	209	3		2029				2478	1	2474	479	4479
2480	虎贲营	209	3		2030				2479	1	2475	480	4480
2481	虎贲营	209	3		2031				2480	1	2476	481	4481
2482	虎贲营	209	3		2032				2481	1	2477	482	4482
2483	虎贲营	209	3		2033				2482	1	2478	483	4483
2484	虎贲营	209	3		2034				2483	1	2479	484	4484
2485	虎贲营	209	3		2035				2484	1	2480	485	4485
2486	虎贲营	209	3		2036				2485	1	2481	486	4486
2487	虎贲营	209	3		2037				2486	1	2482	487	4487
2488	虎贲营	209	3		2038				2487	1	2483	488	4488
2489	虎贲营	209	3		2039				2488	1	2484	489	4489
2490	虎贲营	209	3		2040				2489	1	2485	490	4490
2491	虎贲营	209	3		2041				2490	1	2486	491	4491
2492	虎贲营	209	3		2042				2491	1	2487	492	4492
2493	虎贲营	209	3		2043				2492	1	2488	493	4493
2494	虎贲营	209	3		2044				2493	1	2489	494	4494
2495	虎贲营	209	3		2045				2494	1	2490	495	4495
2496	虎贲营	209	3		2046				2495	1	2491	496	4496
2497	虎贲营	209	3		2047				2496	1	2492	497	4497
2498	虎贲营	209	3		2048				2497	1	2493	498	4498
2499	虎贲营	209	3		2049				2498	1	2494	499	4499
2500	虎贲营	209	3		2050				2499	1	2495	500	4500
													
2501	虎贲营	210	3		2026					0	2501	501	4501
2502	虎贲营	210	3		2026				2501	1	2501	502	4502
2503	虎贲营	210	3		2026				2502	1	2501	503	4503
2504	虎贲营	210	3		2026				2503	1	2501	504	4504
2505	虎贲营	210	3		2026				2504	1	2501	505	4505
2506	虎贲营	210	3		2026				2505	1	2501	506	4506
2507	虎贲营	210	3		2026				2506	1	2502	507	4507
2508	虎贲营	210	3		2026				2507	1	2503	508	4508
2509	虎贲营	210	3		2026				2508	1	2504	509	4509
2510	虎贲营	210	3		2026				2509	1	2505	510	4510
2511	虎贲营	210	3		2026				2510	1	2506	511	4511
2512	虎贲营	210	3		2026				2511	1	2507	512	4512
2513	虎贲营	210	3		2026				2512	1	2508	513	4513
2514	虎贲营	210	3		2026				2513	1	2509	514	4514
2515	虎贲营	210	3		2026				2514	1	2510	515	4515
2516	虎贲营	210	3		2026				2515	1	2511	516	4516
2517	虎贲营	210	3		2026				2516	1	2512	517	4517
2518	虎贲营	210	3		2026				2517	1	2513	518	4518
2519	虎贲营	210	3		2026				2518	1	2514	519	4519
2520	虎贲营	210	3		2026				2519	1	2515	520	4520
2521	虎贲营	210	3		2026				2520	1	2516	521	4521
2522	虎贲营	210	3		2026				2521	1	2517	522	4522
2523	虎贲营	210	3		2026				2522	1	2518	523	4523
2524	虎贲营	210	3		2026				2523	1	2519	524	4524
2525	虎贲营	210	3		2026				2524	1	2520	525	4525
2526	虎贲营	210	3		2026				2525	1	2521	526	4526
2527	虎贲营	210	3		2027				2526	1	2522	527	4527
2528	虎贲营	210	3		2028				2527	1	2523	528	4528
2529	虎贲营	210	3		2029				2528	1	2524	529	4529
2530	虎贲营	210	3		2030				2529	1	2525	530	4530
2531	虎贲营	210	3		2031				2530	1	2526	531	4531
2532	虎贲营	210	3		2032				2531	1	2527	532	4532
2533	虎贲营	210	3		2033				2532	1	2528	533	4533
2534	虎贲营	210	3		2034				2533	1	2529	534	4534
2535	虎贲营	210	3		2035				2534	1	2530	535	4535
2536	虎贲营	210	3		2036				2535	1	2531	536	4536
2537	虎贲营	210	3		2037				2536	1	2532	537	4537
2538	虎贲营	210	3		2038				2537	1	2533	538	4538
2539	虎贲营	210	3		2039				2538	1	2534	539	4539
2540	虎贲营	210	3		2040				2539	1	2535	540	4540
2541	虎贲营	210	3		2041				2540	1	2536	541	4541
2542	虎贲营	210	3		2042				2541	1	2537	542	4542
2543	虎贲营	210	3		2043				2542	1	2538	543	4543
2544	虎贲营	210	3		2044				2543	1	2539	544	4544
2545	虎贲营	210	3		2045				2544	1	2540	545	4545
2546	虎贲营	210	3		2046				2545	1	2541	546	4546
2547	虎贲营	210	3		2047				2546	1	2542	547	4547
2548	虎贲营	210	3		2048				2547	1	2543	548	4548
2549	虎贲营	210	3		2049				2548	1	2544	549	4549
2550	虎贲营	210	3		2050				2549	1	2545	550	4550
													
3001	司马府	300	4	31			20001			1	3001	1	4001
3002	司马府	300	4	32			20002		3001	1	3001	2	4002
3003	司马府	300	4	33			20003		3002	1	3001	3	4003
3004	司马府	300	4	34			20004		3003	1	3001	4	4004
3005	司马府	300	4	35			20005		3004	1	3001	5	4005
3006	司马府	300	4	36			20006		3005	1	3001	6	4006
3007	司马府	300	4	37			20007		3006	1	3002	7	4007
3008	司马府	300	4	38			20008		3007	1	3003	8	4008
3009	司马府	300	4	39			20009		3008	1	3004	9	4009
3010	司马府	300	4	40			20010		3009	1	3005	10	4010
3011	司马府	300	4	41			20011		3010	1	3006	11	4011
3012	司马府	300	4	42			20012		3011	1	3007	12	4012
3013	司马府	300	4	43			20013		3012	1	3008	13	4013
3014	司马府	300	4	44			20014		3013	1	3009	14	4014
3015	司马府	300	4	45			20015		3014	1	3010	15	4015
3016	司马府	300	4	46			20016		3015	1	3011	16	4016
3017	司马府	300	4	47			20017		3016	1	3012	17	4017
3018	司马府	300	4	48			20018		3017	1	3013	18	4018
3019	司马府	300	4	49			20019		3018	1	3014	19	4019
3020	司马府	300	4	50			20020		3019	1	3015	20	4020
3021	司马府	300	4	51			20021		3020	1	3016	21	4021
3022	司马府	300	4	52			20022		3021	1	3017	22	4022
3023	司马府	300	4	53			20023		3022	1	3018	23	4023
3024	司马府	300	4	54			20024		3023	1	3019	24	4024
3025	司马府	300	4	55			20025		3024	1	3020	25	4025
3026	司马府	300	4	56			20026		3025	1	3021	26	4026
3027	司马府	300	4	57			20027		3026	1	3022	27	4027
3028	司马府	300	4	58			20028		3027	1	3023	28	4028
3029	司马府	300	4	59			20029		3028	1	3024	29	4029
3030	司马府	300	4	60			20030		3029	1	3025	30	4030
3031	司马府	300	4	61			20031		3030	1	3026	31	4031
3032	司马府	300	4	62			20032		3031	1	3027	32	4032
3033	司马府	300	4	63			20033		3032	1	3028	33	4033
3034	司马府	300	4	64			20034		3033	1	3029	34	4034
3035	司马府	300	4	65			20035		3034	1	3030	35	4035
3036	司马府	300	4	66			20036		3035	1	3031	36	4036
3037	司马府	300	4	67			20037		3036	1	3032	37	4037
3038	司马府	300	4	68			20038		3037	1	3033	38	4038
3039	司马府	300	4	69			20039		3038	1	3034	39	4039
3040	司马府	300	4	70			20040		3039	1	3035	40	4040
3041	司马府	300	4	71			20041		3040	1	3036	41	4041
3042	司马府	300	4	72			20042		3041	1	3037	42	4042
3043	司马府	300	4	73			20043		3042	1	3038	43	4043
3044	司马府	300	4	74			20044		3043	1	3039	44	4044
3045	司马府	300	4	75			20045		3044	1	3040	45	4045
3046	司马府	300	4	76			20046		3045	1	3041	46	4046
3047	司马府	300	4	77			20047		3046	1	3042	47	4047
3048	司马府	300	4	78			20048		3047	1	3043	48	4048
3049	司马府	300	4	79			20049		3048	1	3044	49	4049
3050	司马府	300	4	80			20050		3049	1	3045	50	4050
													
3051	修炼所	301	4		3001					1	3051	51	4051
3052	修炼所	301	4		3002				3051	1	3051	52	4052
3053	修炼所	301	4		3003				3052	1	3051	53	4053
3054	修炼所	301	4		3004				3053	1	3051	54	4054
3055	修炼所	301	4		3005				3054	1	3051	55	4055
3056	修炼所	301	4		3006				3055	1	3051	56	4056
3057	修炼所	301	4		3007				3056	1	3052	57	4057
3058	修炼所	301	4		3008				3057	1	3053	58	4058
3059	修炼所	301	4		3009				3058	1	3054	59	4059
3060	修炼所	301	4		3010				3059	1	3055	60	4060
3061	修炼所	301	4		3011				3060	1	3056	61	4061
3062	修炼所	301	4		3012				3061	1	3057	62	4062
3063	修炼所	301	4		3013				3062	1	3058	63	4063
3064	修炼所	301	4		3014				3063	1	3059	64	4064
3065	修炼所	301	4		3015				3064	1	3060	65	4065
3066	修炼所	301	4		3016				3065	1	3061	66	4066
3067	修炼所	301	4		3017				3066	1	3062	67	4067
3068	修炼所	301	4		3018				3067	1	3063	68	4068
3069	修炼所	301	4		3019				3068	1	3064	69	4069
3070	修炼所	301	4		3020				3069	1	3065	70	4070
3071	修炼所	301	4		3021				3070	1	3066	71	4071
3072	修炼所	301	4		3022				3071	1	3067	72	4072
3073	修炼所	301	4		3023				3072	1	3068	73	4073
3074	修炼所	301	4		3024				3073	1	3069	74	4074
3075	修炼所	301	4		3025				3074	1	3070	75	4075
3076	修炼所	301	4		3026				3075	1	3071	76	4076
3077	修炼所	301	4		3027				3076	1	3072	77	4077
3078	修炼所	301	4		3028				3077	1	3073	78	4078
3079	修炼所	301	4		3029				3078	1	3074	79	4079
3080	修炼所	301	4		3030				3079	1	3075	80	4080
3081	修炼所	301	4		3031				3080	1	3076	81	4081
3082	修炼所	301	4		3032				3081	1	3077	82	4082
3083	修炼所	301	4		3033				3082	1	3078	83	4083
3084	修炼所	301	4		3034				3083	1	3079	84	4084
3085	修炼所	301	4		3035				3084	1	3080	85	4085
3086	修炼所	301	4		3036				3085	1	3081	86	4086
3087	修炼所	301	4		3037				3086	1	3082	87	4087
3088	修炼所	301	4		3038				3087	1	3083	88	4088
3089	修炼所	301	4		3039				3088	1	3084	89	4089
3090	修炼所	301	4		3040				3089	1	3085	90	4090
3091	修炼所	301	4		3041				3090	1	3086	91	4091
3092	修炼所	301	4		3042				3091	1	3087	92	4092
3093	修炼所	301	4		3043				3092	1	3088	93	4093
3094	修炼所	301	4		3044				3093	1	3089	94	4094
3095	修炼所	301	4		3045				3094	1	3090	95	4095
3096	修炼所	301	4		3046				3095	1	3091	96	4096
3097	修炼所	301	4		3047				3096	1	3092	97	4097
3098	修炼所	301	4		3048				3097	1	3093	98	4098
3099	修炼所	301	4		3049				3098	1	3094	99	4099
3100	修炼所	301	4		3050				3099	1	3095	100	4100
													
3101	预备兵所	302	4		3001					1	3101	101	4101
3102	预备兵所	302	4		3002				3101	1	3101	102	4102
3103	预备兵所	302	4		3003				3102	1	3101	103	4103
3104	预备兵所	302	4		3004				3103	1	3101	104	4104
3105	预备兵所	302	4		3005				3104	1	3101	105	4105
3106	预备兵所	302	4		3006				3105	1	3101	106	4106
3107	预备兵所	302	4		3007				3106	1	3102	107	4107
3108	预备兵所	302	4		3008				3107	1	3103	108	4108
3109	预备兵所	302	4		3009				3108	1	3104	109	4109
3110	预备兵所	302	4		3010				3109	1	3105	110	4110
3111	预备兵所	302	4		3011				3110	1	3106	111	4111
3112	预备兵所	302	4		3012				3111	1	3107	112	4112
3113	预备兵所	302	4		3013				3112	1	3108	113	4113
3114	预备兵所	302	4		3014				3113	1	3109	114	4114
3115	预备兵所	302	4		3015				3114	1	3110	115	4115
3116	预备兵所	302	4		3016				3115	1	3111	116	4116
3117	预备兵所	302	4		3017				3116	1	3112	117	4117
3118	预备兵所	302	4		3018				3117	1	3113	118	4118
3119	预备兵所	302	4		3019				3118	1	3114	119	4119
3120	预备兵所	302	4		3020				3119	1	3115	120	4120
3121	预备兵所	302	4		3021				3120	1	3116	121	4121
3122	预备兵所	302	4		3022				3121	1	3117	122	4122
3123	预备兵所	302	4		3023				3122	1	3118	123	4123
3124	预备兵所	302	4		3024				3123	1	3119	124	4124
3125	预备兵所	302	4		3025				3124	1	3120	125	4125
3126	预备兵所	302	4		3026				3125	1	3121	126	4126
3127	预备兵所	302	4		3027				3126	1	3122	127	4127
3128	预备兵所	302	4		3028				3127	1	3123	128	4128
3129	预备兵所	302	4		3029				3128	1	3124	129	4129
3130	预备兵所	302	4		3030				3129	1	3125	130	4130
3131	预备兵所	302	4		3031				3130	1	3126	131	4131
3132	预备兵所	302	4		3032				3131	1	3127	132	4132
3133	预备兵所	302	4		3033				3132	1	3128	133	4133
3134	预备兵所	302	4		3034				3133	1	3129	134	4134
3135	预备兵所	302	4		3035				3134	1	3130	135	4135
3136	预备兵所	302	4		3036				3135	1	3131	136	4136
3137	预备兵所	302	4		3037				3136	1	3132	137	4137
3138	预备兵所	302	4		3038				3137	1	3133	138	4138
3139	预备兵所	302	4		3039				3138	1	3134	139	4139
3140	预备兵所	302	4		3040				3139	1	3135	140	4140
3141	预备兵所	302	4		3041				3140	1	3136	141	4141
3142	预备兵所	302	4		3042				3141	1	3137	142	4142
3143	预备兵所	302	4		3043				3142	1	3138	143	4143
3144	预备兵所	302	4		3044				3143	1	3139	144	4144
3145	预备兵所	302	4		3045				3144	1	3140	145	4145
3146	预备兵所	302	4		3046				3145	1	3141	146	4146
3147	预备兵所	302	4		3047				3146	1	3142	147	4147
3148	预备兵所	302	4		3048				3147	1	3143	148	4148
3149	预备兵所	302	4		3049				3148	1	3144	149	4149
3150	预备兵所	302	4		3050				3149	1	3145	150	4150
													
3151	神射营	303	4		3001					1	3151	151	4151
3152	神射营	303	4		3002				3151	1	3151	152	4152
3153	神射营	303	4		3003				3152	1	3151	153	4153
3154	神射营	303	4		3004				3153	1	3151	154	4154
3155	神射营	303	4		3005				3154	1	3151	155	4155
3156	神射营	303	4		3006				3155	1	3151	156	4156
3157	神射营	303	4		3007				3156	1	3152	157	4157
3158	神射营	303	4		3008				3157	1	3153	158	4158
3159	神射营	303	4		3009				3158	1	3154	159	4159
3160	神射营	303	4		3010				3159	1	3155	160	4160
3161	神射营	303	4		3011				3160	1	3156	161	4161
3162	神射营	303	4		3012				3161	1	3157	162	4162
3163	神射营	303	4		3013				3162	1	3158	163	4163
3164	神射营	303	4		3014				3163	1	3159	164	4164
3165	神射营	303	4		3015				3164	1	3160	165	4165
3166	神射营	303	4		3016				3165	1	3161	166	4166
3167	神射营	303	4		3017				3166	1	3162	167	4167
3168	神射营	303	4		3018				3167	1	3163	168	4168
3169	神射营	303	4		3019				3168	1	3164	169	4169
3170	神射营	303	4		3020				3169	1	3165	170	4170
3171	神射营	303	4		3021				3170	1	3166	171	4171
3172	神射营	303	4		3022				3171	1	3167	172	4172
3173	神射营	303	4		3023				3172	1	3168	173	4173
3174	神射营	303	4		3024				3173	1	3169	174	4174
3175	神射营	303	4		3025				3174	1	3170	175	4175
3176	神射营	303	4		3026				3175	1	3171	176	4176
3177	神射营	303	4		3027				3176	1	3172	177	4177
3178	神射营	303	4		3028				3177	1	3173	178	4178
3179	神射营	303	4		3029				3178	1	3174	179	4179
3180	神射营	303	4		3030				3179	1	3175	180	4180
3181	神射营	303	4		3031				3180	1	3176	181	4181
3182	神射营	303	4		3032				3181	1	3177	182	4182
3183	神射营	303	4		3033				3182	1	3178	183	4183
3184	神射营	303	4		3034				3183	1	3179	184	4184
3185	神射营	303	4		3035				3184	1	3180	185	4185
3186	神射营	303	4		3036				3185	1	3181	186	4186
3187	神射营	303	4		3037				3186	1	3182	187	4187
3188	神射营	303	4		3038				3187	1	3183	188	4188
3189	神射营	303	4		3039				3188	1	3184	189	4189
3190	神射营	303	4		3040				3189	1	3185	190	4190
3191	神射营	303	4		3041				3190	1	3186	191	4191
3192	神射营	303	4		3042				3191	1	3187	192	4192
3193	神射营	303	4		3043				3192	1	3188	193	4193
3194	神射营	303	4		3044				3193	1	3189	194	4194
3195	神射营	303	4		3045				3194	1	3190	195	4195
3196	神射营	303	4		3046				3195	1	3191	196	4196
3197	神射营	303	4		3047				3196	1	3192	197	4197
3198	神射营	303	4		3048				3197	1	3193	198	4198
3199	神射营	303	4		3049				3198	1	3194	199	4199
3200	神射营	303	4		3050				3199	1	3195	200	4200
													
3201	神射营	304	4		3001					1	3201	201	4201
3202	神射营	304	4		3002				3201	1	3201	202	4202
3203	神射营	304	4		3003				3202	1	3201	203	4203
3204	神射营	304	4		3004				3203	1	3201	204	4204
3205	神射营	304	4		3005				3204	1	3201	205	4205
3206	神射营	304	4		3006				3205	1	3201	206	4206
3207	神射营	304	4		3007				3206	1	3202	207	4207
3208	神射营	304	4		3008				3207	1	3203	208	4208
3209	神射营	304	4		3009				3208	1	3204	209	4209
3210	神射营	304	4		3010				3209	1	3205	210	4210
3211	神射营	304	4		3011				3210	1	3206	211	4211
3212	神射营	304	4		3012				3211	1	3207	212	4212
3213	神射营	304	4		3013				3212	1	3208	213	4213
3214	神射营	304	4		3014				3213	1	3209	214	4214
3215	神射营	304	4		3015				3214	1	3210	215	4215
3216	神射营	304	4		3016				3215	1	3211	216	4216
3217	神射营	304	4		3017				3216	1	3212	217	4217
3218	神射营	304	4		3018				3217	1	3213	218	4218
3219	神射营	304	4		3019				3218	1	3214	219	4219
3220	神射营	304	4		3020				3219	1	3215	220	4220
3221	神射营	304	4		3021				3220	1	3216	221	4221
3222	神射营	304	4		3022				3221	1	3217	222	4222
3223	神射营	304	4		3023				3222	1	3218	223	4223
3224	神射营	304	4		3024				3223	1	3219	224	4224
3225	神射营	304	4		3025				3224	1	3220	225	4225
3226	神射营	304	4		3026				3225	1	3221	226	4226
3227	神射营	304	4		3027				3226	1	3222	227	4227
3228	神射营	304	4		3028				3227	1	3223	228	4228
3229	神射营	304	4		3029				3228	1	3224	229	4229
3230	神射营	304	4		3030				3229	1	3225	230	4230
3231	神射营	304	4		3031				3230	1	3226	231	4231
3232	神射营	304	4		3032				3231	1	3227	232	4232
3233	神射营	304	4		3033				3232	1	3228	233	4233
3234	神射营	304	4		3034				3233	1	3229	234	4234
3235	神射营	304	4		3035				3234	1	3230	235	4235
3236	神射营	304	4		3036				3235	1	3231	236	4236
3237	神射营	304	4		3037				3236	1	3232	237	4237
3238	神射营	304	4		3038				3237	1	3233	238	4238
3239	神射营	304	4		3039				3238	1	3234	239	4239
3240	神射营	304	4		3040				3239	1	3235	240	4240
3241	神射营	304	4		3041				3240	1	3236	241	4241
3242	神射营	304	4		3042				3241	1	3237	242	4242
3243	神射营	304	4		3043				3242	1	3238	243	4243
3244	神射营	304	4		3044				3243	1	3239	244	4244
3245	神射营	304	4		3045				3244	1	3240	245	4245
3246	神射营	304	4		3046				3245	1	3241	246	4246
3247	神射营	304	4		3047				3246	1	3242	247	4247
3248	神射营	304	4		3048				3247	1	3243	248	4248
3249	神射营	304	4		3049				3248	1	3244	249	4249
3250	神射营	304	4		3050				3249	1	3245	250	4250
													
3251	虎贲营	305	4		3001					1	3251	251	4251
3252	虎贲营	305	4		3002				3251	1	3251	252	4252
3253	虎贲营	305	4		3003				3252	1	3251	253	4253
3254	虎贲营	305	4		3004				3253	1	3251	254	4254
3255	虎贲营	305	4		3005				3254	1	3251	255	4255
3256	虎贲营	305	4		3006				3255	1	3251	256	4256
3257	虎贲营	305	4		3007				3256	1	3252	257	4257
3258	虎贲营	305	4		3008				3257	1	3253	258	4258
3259	虎贲营	305	4		3009				3258	1	3254	259	4259
3260	虎贲营	305	4		3010				3259	1	3255	260	4260
3261	虎贲营	305	4		3011				3260	1	3256	261	4261
3262	虎贲营	305	4		3012				3261	1	3257	262	4262
3263	虎贲营	305	4		3013				3262	1	3258	263	4263
3264	虎贲营	305	4		3014				3263	1	3259	264	4264
3265	虎贲营	305	4		3015				3264	1	3260	265	4265
3266	虎贲营	305	4		3016				3265	1	3261	266	4266
3267	虎贲营	305	4		3017				3266	1	3262	267	4267
3268	虎贲营	305	4		3018				3267	1	3263	268	4268
3269	虎贲营	305	4		3019				3268	1	3264	269	4269
3270	虎贲营	305	4		3020				3269	1	3265	270	4270
3271	虎贲营	305	4		3021				3270	1	3266	271	4271
3272	虎贲营	305	4		3022				3271	1	3267	272	4272
3273	虎贲营	305	4		3023				3272	1	3268	273	4273
3274	虎贲营	305	4		3024				3273	1	3269	274	4274
3275	虎贲营	305	4		3025				3274	1	3270	275	4275
3276	虎贲营	305	4		3026				3275	1	3271	276	4276
3277	虎贲营	305	4		3027				3276	1	3272	277	4277
3278	虎贲营	305	4		3028				3277	1	3273	278	4278
3279	虎贲营	305	4		3029				3278	1	3274	279	4279
3280	虎贲营	305	4		3030				3279	1	3275	280	4280
3281	虎贲营	305	4		3031				3280	1	3276	281	4281
3282	虎贲营	305	4		3032				3281	1	3277	282	4282
3283	虎贲营	305	4		3033				3282	1	3278	283	4283
3284	虎贲营	305	4		3034				3283	1	3279	284	4284
3285	虎贲营	305	4		3035				3284	1	3280	285	4285
3286	虎贲营	305	4		3036				3285	1	3281	286	4286
3287	虎贲营	305	4		3037				3286	1	3282	287	4287
3288	虎贲营	305	4		3038				3287	1	3283	288	4288
3289	虎贲营	305	4		3039				3288	1	3284	289	4289
3290	虎贲营	305	4		3040				3289	1	3285	290	4290
3291	虎贲营	305	4		3041				3290	1	3286	291	4291
3292	虎贲营	305	4		3042				3291	1	3287	292	4292
3293	虎贲营	305	4		3043				3292	1	3288	293	4293
3294	虎贲营	305	4		3044				3293	1	3289	294	4294
3295	虎贲营	305	4		3045				3294	1	3290	295	4295
3296	虎贲营	305	4		3046				3295	1	3291	296	4296
3297	虎贲营	305	4		3047				3296	1	3292	297	4297
3298	虎贲营	305	4		3048				3297	1	3293	298	4298
3299	虎贲营	305	4		3049				3298	1	3294	299	4299
3300	虎贲营	305	4		3050				3299	1	3295	300	4300
													
3301	虎贲营	306	4		3001					1	3301	301	4301
3302	虎贲营	306	4		3002				3301	1	3301	302	4302
3303	虎贲营	306	4		3003				3302	1	3301	303	4303
3304	虎贲营	306	4		3004				3303	1	3301	304	4304
3305	虎贲营	306	4		3005				3304	1	3301	305	4305
3306	虎贲营	306	4		3006				3305	1	3301	306	4306
3307	虎贲营	306	4		3007				3306	1	3302	307	4307
3308	虎贲营	306	4		3008				3307	1	3303	308	4308
3309	虎贲营	306	4		3009				3308	1	3304	309	4309
3310	虎贲营	306	4		3010				3309	1	3305	310	4310
3311	虎贲营	306	4		3011				3310	1	3306	311	4311
3312	虎贲营	306	4		3012				3311	1	3307	312	4312
3313	虎贲营	306	4		3013				3312	1	3308	313	4313
3314	虎贲营	306	4		3014				3313	1	3309	314	4314
3315	虎贲营	306	4		3015				3314	1	3310	315	4315
3316	虎贲营	306	4		3016				3315	1	3311	316	4316
3317	虎贲营	306	4		3017				3316	1	3312	317	4317
3318	虎贲营	306	4		3018				3317	1	3313	318	4318
3319	虎贲营	306	4		3019				3318	1	3314	319	4319
3320	虎贲营	306	4		3020				3319	1	3315	320	4320
3321	虎贲营	306	4		3021				3320	1	3316	321	4321
3322	虎贲营	306	4		3022				3321	1	3317	322	4322
3323	虎贲营	306	4		3023				3322	1	3318	323	4323
3324	虎贲营	306	4		3024				3323	1	3319	324	4324
3325	虎贲营	306	4		3025				3324	1	3320	325	4325
3326	虎贲营	306	4		3026				3325	1	3321	326	4326
3327	虎贲营	306	4		3027				3326	1	3322	327	4327
3328	虎贲营	306	4		3028				3327	1	3323	328	4328
3329	虎贲营	306	4		3029				3328	1	3324	329	4329
3330	虎贲营	306	4		3030				3329	1	3325	330	4330
3331	虎贲营	306	4		3031				3330	1	3326	331	4331
3332	虎贲营	306	4		3032				3331	1	3327	332	4332
3333	虎贲营	306	4		3033				3332	1	3328	333	4333
3334	虎贲营	306	4		3034				3333	1	3329	334	4334
3335	虎贲营	306	4		3035				3334	1	3330	335	4335
3336	虎贲营	306	4		3036				3335	1	3331	336	4336
3337	虎贲营	306	4		3037				3336	1	3332	337	4337
3338	虎贲营	306	4		3038				3337	1	3333	338	4338
3339	虎贲营	306	4		3039				3338	1	3334	339	4339
3340	虎贲营	306	4		3040				3339	1	3335	340	4340
3341	虎贲营	306	4		3041				3340	1	3336	341	4341
3342	虎贲营	306	4		3042				3341	1	3337	342	4342
3343	虎贲营	306	4		3043				3342	1	3338	343	4343
3344	虎贲营	306	4		3044				3343	1	3339	344	4344
3345	虎贲营	306	4		3045				3344	1	3340	345	4345
3346	虎贲营	306	4		3046				3345	1	3341	346	4346
3347	虎贲营	306	4		3047				3346	1	3342	347	4347
3348	虎贲营	306	4		3048				3347	1	3343	348	4348
3349	虎贲营	306	4		3049				3348	1	3344	349	4349
3350	虎贲营	306	4		3050				3349	1	3345	350	4350
													
3351	神射营	307	4		3030					0	3351	351	4351
3352	神射营	307	4		3030				3351	1	3351	352	4352
3353	神射营	307	4		3030				3352	1	3351	353	4353
3354	神射营	307	4		3030				3353	1	3351	354	4354
3355	神射营	307	4		3030				3354	1	3351	355	4355
3356	神射营	307	4		3030				3355	1	3351	356	4356
3357	神射营	307	4		3030				3356	1	3352	357	4357
3358	神射营	307	4		3030				3357	1	3353	358	4358
3359	神射营	307	4		3030				3358	1	3354	359	4359
3360	神射营	307	4		3030				3359	1	3355	360	4360
3361	神射营	307	4		3030				3360	1	3356	361	4361
3362	神射营	307	4		3030				3361	1	3357	362	4362
3363	神射营	307	4		3030				3362	1	3358	363	4363
3364	神射营	307	4		3030				3363	1	3359	364	4364
3365	神射营	307	4		3030				3364	1	3360	365	4365
3366	神射营	307	4		3030				3365	1	3361	366	4366
3367	神射营	307	4		3030				3366	1	3362	367	4367
3368	神射营	307	4		3030				3367	1	3363	368	4368
3369	神射营	307	4		3030				3368	1	3364	369	4369
3370	神射营	307	4		3030				3369	1	3365	370	4370
3371	神射营	307	4		3030				3370	1	3366	371	4371
3372	神射营	307	4		3030				3371	1	3367	372	4372
3373	神射营	307	4		3030				3372	1	3368	373	4373
3374	神射营	307	4		3030				3373	1	3369	374	4374
3375	神射营	307	4		3030				3374	1	3370	375	4375
3376	神射营	307	4		3030				3375	1	3371	376	4376
3377	神射营	307	4		3030				3376	1	3372	377	4377
3378	神射营	307	4		3030				3377	1	3373	378	4378
3379	神射营	307	4		3030				3378	1	3374	379	4379
3380	神射营	307	4		3030				3379	1	3375	380	4380
3381	神射营	307	4		3031				3380	1	3376	381	4381
3382	神射营	307	4		3032				3381	1	3377	382	4382
3383	神射营	307	4		3033				3382	1	3378	383	4383
3384	神射营	307	4		3034				3383	1	3379	384	4384
3385	神射营	307	4		3035				3384	1	3380	385	4385
3386	神射营	307	4		3036				3385	1	3381	386	4386
3387	神射营	307	4		3037				3386	1	3382	387	4387
3388	神射营	307	4		3038				3387	1	3383	388	4388
3389	神射营	307	4		3039				3388	1	3384	389	4389
3390	神射营	307	4		3040				3389	1	3385	390	4390
3391	神射营	307	4		3041				3390	1	3386	391	4391
3392	神射营	307	4		3042				3391	1	3387	392	4392
3393	神射营	307	4		3043				3392	1	3388	393	4393
3394	神射营	307	4		3044				3393	1	3389	394	4394
3395	神射营	307	4		3045				3394	1	3390	395	4395
3396	神射营	307	4		3046				3395	1	3391	396	4396
3397	神射营	307	4		3047				3396	1	3392	397	4397
3398	神射营	307	4		3048				3397	1	3393	398	4398
3399	神射营	307	4		3049				3398	1	3394	399	4399
3400	神射营	307	4		3050				3399	1	3395	400	4400
													
3401	神射营	308	4		3030					0	3401	401	4401
3402	神射营	308	4		3030				3401	1	3401	402	4402
3403	神射营	308	4		3030				3402	1	3401	403	4403
3404	神射营	308	4		3030				3403	1	3401	404	4404
3405	神射营	308	4		3030				3404	1	3401	405	4405
3406	神射营	308	4		3030				3405	1	3401	406	4406
3407	神射营	308	4		3030				3406	1	3402	407	4407
3408	神射营	308	4		3030				3407	1	3403	408	4408
3409	神射营	308	4		3030				3408	1	3404	409	4409
3410	神射营	308	4		3030				3409	1	3405	410	4410
3411	神射营	308	4		3030				3410	1	3406	411	4411
3412	神射营	308	4		3030				3411	1	3407	412	4412
3413	神射营	308	4		3030				3412	1	3408	413	4413
3414	神射营	308	4		3030				3413	1	3409	414	4414
3415	神射营	308	4		3030				3414	1	3410	415	4415
3416	神射营	308	4		3030				3415	1	3411	416	4416
3417	神射营	308	4		3030				3416	1	3412	417	4417
3418	神射营	308	4		3030				3417	1	3413	418	4418
3419	神射营	308	4		3030				3418	1	3414	419	4419
3420	神射营	308	4		3030				3419	1	3415	420	4420
3421	神射营	308	4		3030				3420	1	3416	421	4421
3422	神射营	308	4		3030				3421	1	3417	422	4422
3423	神射营	308	4		3030				3422	1	3418	423	4423
3424	神射营	308	4		3030				3423	1	3419	424	4424
3425	神射营	308	4		3030				3424	1	3420	425	4425
3426	神射营	308	4		3030				3425	1	3421	426	4426
3427	神射营	308	4		3030				3426	1	3422	427	4427
3428	神射营	308	4		3030				3427	1	3423	428	4428
3429	神射营	308	4		3030				3428	1	3424	429	4429
3430	神射营	308	4		3030				3429	1	3425	430	4430
3431	神射营	308	4		3031				3430	1	3426	431	4431
3432	神射营	308	4		3032				3431	1	3427	432	4432
3433	神射营	308	4		3033				3432	1	3428	433	4433
3434	神射营	308	4		3034				3433	1	3429	434	4434
3435	神射营	308	4		3035				3434	1	3430	435	4435
3436	神射营	308	4		3036				3435	1	3431	436	4436
3437	神射营	308	4		3037				3436	1	3432	437	4437
3438	神射营	308	4		3038				3437	1	3433	438	4438
3439	神射营	308	4		3039				3438	1	3434	439	4439
3440	神射营	308	4		3040				3439	1	3435	440	4440
3441	神射营	308	4		3041				3440	1	3436	441	4441
3442	神射营	308	4		3042				3441	1	3437	442	4442
3443	神射营	308	4		3043				3442	1	3438	443	4443
3444	神射营	308	4		3044				3443	1	3439	444	4444
3445	神射营	308	4		3045				3444	1	3440	445	4445
3446	神射营	308	4		3046				3445	1	3441	446	4446
3447	神射营	308	4		3047				3446	1	3442	447	4447
3448	神射营	308	4		3048				3447	1	3443	448	4448
3449	神射营	308	4		3049				3448	1	3444	449	4449
3450	神射营	308	4		3050				3449	1	3445	450	4450
													
3451	虎贲营	309	4		3030					0	3451	451	4451
3452	虎贲营	309	4		3030				3451	1	3451	452	4452
3453	虎贲营	309	4		3030				3452	1	3451	453	4453
3454	虎贲营	309	4		3030				3453	1	3451	454	4454
3455	虎贲营	309	4		3030				3454	1	3451	455	4455
3456	虎贲营	309	4		3030				3455	1	3451	456	4456
3457	虎贲营	309	4		3030				3456	1	3452	457	4457
3458	虎贲营	309	4		3030				3457	1	3453	458	4458
3459	虎贲营	309	4		3030				3458	1	3454	459	4459
3460	虎贲营	309	4		3030				3459	1	3455	460	4460
3461	虎贲营	309	4		3030				3460	1	3456	461	4461
3462	虎贲营	309	4		3030				3461	1	3457	462	4462
3463	虎贲营	309	4		3030				3462	1	3458	463	4463
3464	虎贲营	309	4		3030				3463	1	3459	464	4464
3465	虎贲营	309	4		3030				3464	1	3460	465	4465
3466	虎贲营	309	4		3030				3465	1	3461	466	4466
3467	虎贲营	309	4		3030				3466	1	3462	467	4467
3468	虎贲营	309	4		3030				3467	1	3463	468	4468
3469	虎贲营	309	4		3030				3468	1	3464	469	4469
3470	虎贲营	309	4		3030				3469	1	3465	470	4470
3471	虎贲营	309	4		3030				3470	1	3466	471	4471
3472	虎贲营	309	4		3030				3471	1	3467	472	4472
3473	虎贲营	309	4		3030				3472	1	3468	473	4473
3474	虎贲营	309	4		3030				3473	1	3469	474	4474
3475	虎贲营	309	4		3030				3474	1	3470	475	4475
3476	虎贲营	309	4		3030				3475	1	3471	476	4476
3477	虎贲营	309	4		3030				3476	1	3472	477	4477
3478	虎贲营	309	4		3030				3477	1	3473	478	4478
3479	虎贲营	309	4		3030				3478	1	3474	479	4479
3480	虎贲营	309	4		3030				3479	1	3475	480	4480
3481	虎贲营	309	4		3031				3480	1	3476	481	4481
3482	虎贲营	309	4		3032				3481	1	3477	482	4482
3483	虎贲营	309	4		3033				3482	1	3478	483	4483
3484	虎贲营	309	4		3034				3483	1	3479	484	4484
3485	虎贲营	309	4		3035				3484	1	3480	485	4485
3486	虎贲营	309	4		3036				3485	1	3481	486	4486
3487	虎贲营	309	4		3037				3486	1	3482	487	4487
3488	虎贲营	309	4		3038				3487	1	3483	488	4488
3489	虎贲营	309	4		3039				3488	1	3484	489	4489
3490	虎贲营	309	4		3040				3489	1	3485	490	4490
3491	虎贲营	309	4		3041				3490	1	3486	491	4491
3492	虎贲营	309	4		3042				3491	1	3487	492	4492
3493	虎贲营	309	4		3043				3492	1	3488	493	4493
3494	虎贲营	309	4		3044				3493	1	3489	494	4494
3495	虎贲营	309	4		3045				3494	1	3490	495	4495
3496	虎贲营	309	4		3046				3495	1	3491	496	4496
3497	虎贲营	309	4		3047				3496	1	3492	497	4497
3498	虎贲营	309	4		3048				3497	1	3493	498	4498
3499	虎贲营	309	4		3049				3498	1	3494	499	4499
3500	虎贲营	309	4		3050				3499	1	3495	500	4500
													
3501	虎贲营	310	4		3030					0	3501	501	4501
3502	虎贲营	310	4		3030				3501	1	3501	502	4502
3503	虎贲营	310	4		3030				3502	1	3501	503	4503
3504	虎贲营	310	4		3030				3503	1	3501	504	4504
3505	虎贲营	310	4		3030				3504	1	3501	505	4505
3506	虎贲营	310	4		3030				3505	1	3501	506	4506
3507	虎贲营	310	4		3030				3506	1	3502	507	4507
3508	虎贲营	310	4		3030				3507	1	3503	508	4508
3509	虎贲营	310	4		3030				3508	1	3504	509	4509
3510	虎贲营	310	4		3030				3509	1	3505	510	4510
3511	虎贲营	310	4		3030				3510	1	3506	511	4511
3512	虎贲营	310	4		3030				3511	1	3507	512	4512
3513	虎贲营	310	4		3030				3512	1	3508	513	4513
3514	虎贲营	310	4		3030				3513	1	3509	514	4514
3515	虎贲营	310	4		3030				3514	1	3510	515	4515
3516	虎贲营	310	4		3030				3515	1	3511	516	4516
3517	虎贲营	310	4		3030				3516	1	3512	517	4517
3518	虎贲营	310	4		3030				3517	1	3513	518	4518
3519	虎贲营	310	4		3030				3518	1	3514	519	4519
3520	虎贲营	310	4		3030				3519	1	3515	520	4520
3521	虎贲营	310	4		3030				3520	1	3516	521	4521
3522	虎贲营	310	4		3030				3521	1	3517	522	4522
3523	虎贲营	310	4		3030				3522	1	3518	523	4523
3524	虎贲营	310	4		3030				3523	1	3519	524	4524
3525	虎贲营	310	4		3030				3524	1	3520	525	4525
3526	虎贲营	310	4		3030				3525	1	3521	526	4526
3527	虎贲营	310	4		3030				3526	1	3522	527	4527
3528	虎贲营	310	4		3030				3527	1	3523	528	4528
3529	虎贲营	310	4		3030				3528	1	3524	529	4529
3530	虎贲营	310	4		3030				3529	1	3525	530	4530
3531	虎贲营	310	4		3031				3530	1	3526	531	4531
3532	虎贲营	310	4		3032				3531	1	3527	532	4532
3533	虎贲营	310	4		3033				3532	1	3528	533	4533
3534	虎贲营	310	4		3034				3533	1	3529	534	4534
3535	虎贲营	310	4		3035				3534	1	3530	535	4535
3536	虎贲营	310	4		3036				3535	1	3531	536	4536
3537	虎贲营	310	4		3037				3536	1	3532	537	4537
3538	虎贲营	310	4		3038				3537	1	3533	538	4538
3539	虎贲营	310	4		3039				3538	1	3534	539	4539
3540	虎贲营	310	4		3040				3539	1	3535	540	4540
3541	虎贲营	310	4		3041				3540	1	3536	541	4541
3542	虎贲营	310	4		3042				3541	1	3537	542	4542
3543	虎贲营	310	4		3043				3542	1	3538	543	4543
3544	虎贲营	310	4		3044				3543	1	3539	544	4544
3545	虎贲营	310	4		3045				3544	1	3540	545	4545
3546	虎贲营	310	4		3046				3545	1	3541	546	4546
3547	虎贲营	310	4		3047				3546	1	3542	547	4547
3548	虎贲营	310	4		3048				3547	1	3543	548	4548
3549	虎贲营	310	4		3049				3548	1	3544	549	4549
3550	虎贲营	310	4		3050				3549	1	3545	550	4550
