id		掉落项，关联plunder_item表	权重																																								
id		item	weight	item	weight	item	weight	item	weight	item	weight	item	weight	item	weight	item	weight	item	weight	item	weight	item	weight	item	weight	item	weight	item	weight	item	weight	item	weight	item	weight	item	weight	item	weight	item	weight	item	weight
101	钓鱼积分兑换	11400003	1	11400022	1	11400007	1	11400009	1	11400010	1	11400019	1	11400020	1	11400023	1	11400025	1	11400027	1	11400029	1	11400030	1	11400032	1	11400033	1	11400034	1	11400035	1	11400036	1	11400038	1						
																																											
10		11001001	1	11002001	1	11003001	2	11004001	2																																		
20		10203001	2	10203002	2	10203003	2	10203004	1	10203005	1	10203006	1	10203007	1																												
40		10204001	2	10204002	2	10204003	2	10204004	1	10204005	1	10204006	1	10204007	1																												
60		10205001	2	10205002	2	10205003	2	10205004	1	10205005	1	10205006	1	10205007	1																												
80		10206001	2	10206002	2	10206003	2	10206004	1	10206005	1	10206006	1	10206007	1																												
100		10207001	2	10207002	2	10207003	2	10207004	1	10207005	1	10207006	1	10207007	1																												
																																											
1001		5210101	30	5210201	22	5210301	17	5210401	16	5210501	15	5220101	30	5220201	22	5220301	17	5220401	16	5220501	15																						
1002		1000901	1200	1000902	600	1000903	400	1000904	300	1000905	240	1001001	200	1001002	100																												
1003		11001001	1	11002001	1	11003001	1	11004001	1	2000201	2	4000110	2	4000201	2																												
																																											
10806001		5210501	91	5210401	135	5210301	130	5220501	91	5220401	135	5220301	130	1000901	180	1001001	20	2000101	80																								
10806002		5210401	169	5210501	100	5210601	65	5220401	169	5220501	100	5220601	65	1000901	150	1001001	50	2000101	104																								
10806003		5210501	192	5210601	100	5210701	20	5220501	192	5220601	100	5220701	20	1000901	150	1001001	50	4000101	60	2000101	80																						
10806004		5210501	143	5210601	100	5210701	50	5210801	20	5220501	143	5220601	100	5220701	50	5220801	20	1000901	120	1001001	80	4000101	60	2000101	80																		
10806005		5210501	143	5210601	100	5210701	50	5210801	20	5220501	143	5220601	100	5220701	100	5220801	40	1000901	120	1001001	160	4000101	60	2000101	80																		
																																											
10806102				2000205	6																																						
108061020				2000205	6																																						
10806103				2000301	5	4000140	5																																				
108061030				2000301	5	4000140	5																																				
10806104				2000301	500	4000150	500	1100100301	16	1100200301	16	1100300301	32	1100400301	32																												
108061040				2000301	500	4000150	500	1100100301	16	1100200301	16	1100300301	32	1100400301	32																												
10806105				2000301	500	4000160	500	1100100301	16	1100200301	16	1100300301	32	1100400301	32																												
108061050				2000301	500	4000160	500	1100100301	16	1100200301	16	1100300301	32	1100400301	32																												
10806106				2000301	500	4000175	500	1100100301	16	1100200301	16	1100300301	32	1100400301	32																												
108061060				2000301	500	4000175	500	1100100301	16	1100200301	16	1100300301	32	1100400301	32																												
																																											
11701001		10201001	2	10201002	2	10201003	2	10201004	1	10201005	1	10201006	1	10201007	1																												
11701002		10202001	2	10202002	2	10202003	2	10202004	1	10202005	1	10202006	1	10202007	1																												
11701003		10202001	2	10202002	2	10202003	2	10202004	1	10202005	1	10202006	1	10202007	1																												
11701004		10202001	2	10202002	2	10202003	2	10202004	1	10202005	1	10202006	1	10202007	1																												
11701005		10202001	2	10202002	2	10202003	2	10202004	1	10202005	1	10202006	1	10202007	1																												
11701006		10202001	2	10202002	2	10202003	2	10202004	1	10202005	1	10202006	1	10202007	1																												
11701007		10202001	2	10202002	2	10202003	2	10202004	1	10202005	1	10202006	1	10202007	1																												
11701008		10202001	2	10202002	2	10202003	2	10202004	1	10202005	1	10202006	1	10202007	1																												
11701009		10202001	2	10202002	2	10202003	2	10202004	1	10202005	1	10202006	1	10202007	1																												
11701010		10202001	2	10202002	2	10202003	2	10202004	1	10202005	1	10202006	1	10202007	1																												
11701011		10202001	2	10202002	2	10202003	2	10202004	1	10202005	1	10202006	1	10202007	1																												
11701012		10202001	2	10202002	2	10202003	2	10202004	1	10202005	1	10202006	1	10202007	1																												
11702001		10201001	2	10201002	2	10201003	2	10201004	1	10201005	1	10201006	1	10201007	1																												
11702002		10202001	2	10202002	2	10202003	2	10202004	1	10202005	1	10202006	1	10202007	1																												
11702003		10202001	2	10202002	2	10202003	2	10202004	1	10202005	1	10202006	1	10202007	1																												
11702004		10202001	2	10202002	2	10202003	2	10202004	1	10202005	1	10202006	1	10202007	1																												
11702005		10202001	2	10202002	2	10202003	2	10202004	1	10202005	1	10202006	1	10202007	1																												
11702006		10202001	2	10202002	2	10202003	2	10202004	1	10202005	1	10202006	1	10202007	1																												
11702007		10202001	2	10202002	2	10202003	2	10202004	1	10202005	1	10202006	1	10202007	1																												
11702008		10202001	2	10202002	2	10202003	2	10202004	1	10202005	1	10202006	1	10202007	1																												
11702009		10202001	2	10202002	2	10202003	2	10202004	1	10202005	1	10202006	1	10202007	1																												
11702010		10202001	2	10202002	2	10202003	2	10202004	1	10202005	1	10202006	1	10202007	1																												
11702011		10202001	2	10202002	2	10202003	2	10202004	1	10202005	1	10202006	1	10202007	1																												
11702012		10202001	2	10202002	2	10202003	2	10202004	1	10202005	1	10202006	1	10202007	1																												
11703001		10201001	2	10201002	2	10201003	2	10201004	1	10201005	1	10201006	1	10201007	1																												
11703002		10202001	2	10202002	2	10202003	2	10202004	1	10202005	1	10202006	1	10202007	1																												
11703003		10202001	2	10202002	2	10202003	2	10202004	1	10202005	1	10202006	1	10202007	1																												
11703004		10202001	2	10202002	2	10202003	2	10202004	1	10202005	1	10202006	1	10202007	1																												
11703005		10202001	2	10202002	2	10202003	2	10202004	1	10202005	1	10202006	1	10202007	1																												
11703006		10202001	2	10202002	2	10202003	2	10202004	1	10202005	1	10202006	1	10202007	1																												
11703007		10202001	2	10202002	2	10202003	2	10202004	1	10202005	1	10202006	1	10202007	1																												
11703008		10202001	2	10202002	2	10202003	2	10202004	1	10202005	1	10202006	1	10202007	1																												
11703009		10202001	2	10202002	2	10202003	2	10202004	1	10202005	1	10202006	1	10202007	1																												
11703010		10202001	2	10202002	2	10202003	2	10202004	1	10202005	1	10202006	1	10202007	1																												
11703011		10202001	2	10202002	2	10202003	2	10202004	1	10202005	1	10202006	1	10202007	1																												
11703012		10202001	2	10202002	2	10202003	2	10202004	1	10202005	1	10202006	1	10202007	1																												
11704001		10201001	2	10201002	2	10201003	2	10201004	1	10201005	1	10201006	1	10201007	1																												
11704002		10202001	2	10202002	2	10202003	2	10202004	1	10202005	1	10202006	1	10202007	1																												
11704003		10202001	2	10202002	2	10202003	2	10202004	1	10202005	1	10202006	1	10202007	1																												
11704004		10202001	2	10202002	2	10202003	2	10202004	1	10202005	1	10202006	1	10202007	1																												
11704005		10202001	2	10202002	2	10202003	2	10202004	1	10202005	1	10202006	1	10202007	1																												
11704006		10202001	2	10202002	2	10202003	2	10202004	1	10202005	1	10202006	1	10202007	1																												
11704007		10202001	2	10202002	2	10202003	2	10202004	1	10202005	1	10202006	1	10202007	1																												
11704008		10202001	2	10202002	2	10202003	2	10202004	1	10202005	1	10202006	1	10202007	1																												
11704009		10202001	2	10202002	2	10202003	2	10202004	1	10202005	1	10202006	1	10202007	1																												
11704010		10202001	2	10202002	2	10202003	2	10202004	1	10202005	1	10202006	1	10202007	1																												
11704011		10202001	2	10202002	2	10202003	2	10202004	1	10202005	1	10202006	1	10202007	1																												
11704012		10202001	2	10202002	2	10202003	2	10202004	1	10202005	1	10202006	1	10202007	1																												
																																											
																																											
11504001		7000102	83	7000201	17																																						
11504002		7000102	83	7000201	17																																						
11504003		7000102	83	7000201	17																																						
11504004		7000102	83	7000201	17																																						
11504005		7000102	83	7000201	17																																						
11504006		7000102	83	7000201	17																																						
11504007		7000102	83	7000201	17																																						
11504008		7000102	83	7000201	17																																						
11504009		7000102	83	7000201	17																																						
11505001		7000102	66	7000201	34																																						
11505002		7000102	66	7000201	34																																						
11505003		7000102	66	7000201	34																																						
11505004		7000102	66	7000201	34																																						
11505005		7000102	66	7000201	34																																						
11505006		7000102	66	7000201	34																																						
11505007		7000102	66	7000201	34																																						
11505008		7000102	66	7000201	34																																						
11505009		7000102	66	7000201	34																																						
11506001		7000102	49	7000201	51																																						
11506002		7000102	49	7000201	51																																						
11506003		7000102	49	7000201	51																																						
11506004		7000102	49	7000201	51																																						
11506005		7000102	49	7000201	51																																						
11506006		7000102	49	7000201	51																																						
11506007		7000102	49	7000201	51																																						
11506008		7000102	49	7000201	51																																						
11506009		7000102	49	7000201	51																																						
11507001		7000102	32	7000201	68																																						
11507002		7000102	32	7000201	68																																						
11507003		7000102	32	7000201	68																																						
11507004		7000102	32	7000201	68																																						
11507005		7000102	32	7000201	68																																						
11507006		7000102	32	7000201	68																																						
11507007		7000102	32	7000201	68																																						
11507008		7000102	32	7000201	68																																						
11507009		7000102	32	7000201	68																																						
11508001		7000102	15	7000201	85																																						
11508002		7000102	15	7000201	85																																						
11508003		7000102	15	7000201	85																																						
11508004		7000102	15	7000201	85																																						
11508005		7000102	15	7000201	85																																						
11508006		7000102	15	7000201	85																																						
11508007		7000102	15	7000201	85																																						
11508008		7000102	15	7000201	85																																						
11508009		7000102	15	7000201	85																																						
11510001		7000301	2	7000201	98																																						
11510002		7000301	2	7000201	98																																						
11510003		7000301	2	7000201	98																																						
11510004		7000301	2	7000201	98																																						
11510005		7000301	2	7000201	98																																						
11510006		7000301	2	7000201	98																																						
11510007		7000301	2	7000201	98																																						
11510008		7000301	2	7000201	98																																						
11510009		7000301	2	7000201	98																																						
																																											
12101001		10202008	1																																								
12102001		10201001	2	10201002	2	10201003	2	10201004	1	10201005	1	10201006	1	10201007	1																												
12103001		10201001	2	10201002	2	10201003	2	10201004	1	10201005	1	10201006	1	10201007	1																												
12104001		10201001	2	10201002	2	10201003	2	10201004	1	10201005	1	10201006	1	10201007	1																												
12105001		10201001	2	10201002	2	10201003	2	10201004	1	10201005	1	10201006	1	10201007	1																												
12106001		10201001	2	10201002	2	10201003	2	10201004	1	10201005	1	10201006	1	10201007	1																												
																																											
12101002		10202001	2	10202002	2	10202003	2	10202004	1	10202005	1	10202006	1	10202007	1																												
12102002		10201001	18	10201002	18	10201003	18	10201004	9	10201005	9	10201006	9	10201007	9	10202001	2	10202002	2	10202003	2	10202004	1	10202005	1	10202006	1	10202007	1														
12103002		10201001	2	10201002	2	10201003	2	10201004	1	10201005	1	10201006	1	10201007	1																												
12104002		10201001	2	10201002	2	10201003	2	10201004	1	10201005	1	10201006	1	10201007	1																												
12105002		10201001	2	10201002	2	10201003	2	10201004	1	10201005	1	10201006	1	10201007	1																												
12106002		10201001	2	10201002	2	10201003	2	10201004	1	10201005	1	10201006	1	10201007	1																												
																																											
12101003		10202001	2	10202002	2	10202003	2	10202004	1	10202005	1	10202006	1	10202007	1																												
12102003		10201001	16	10201002	16	10201003	16	10201004	8	10201005	8	10201006	8	10201007	8	10202001	4	10202002	4	10202003	4	10202004	2	10202005	2	10202006	2	10202007	2														
12103003		10201001	2	10201002	2	10201003	2	10201004	1	10201005	1	10201006	1	10201007	1																												
12104003		10201001	2	10201002	2	10201003	2	10201004	1	10201005	1	10201006	1	10201007	1																												
12105003		10201001	2	10201002	2	10201003	2	10201004	1	10201005	1	10201006	1	10201007	1																												
12106003		10201001	2	10201002	2	10201003	2	10201004	1	10201005	1	10201006	1	10201007	1																												
																																											
12101004		10202001	2	10202002	2	10202003	2	10202004	1	10202005	1	10202006	1	10202007	1																												
12102004		10201001	14	10201002	14	10201003	14	10201004	7	10201005	7	10201006	7	10201007	7	10202001	6	10202002	6	10202003	6	10202004	3	10202005	3	10202006	3	10202007	3														
12103004		10201001	2	10201002	2	10201003	2	10201004	1	10201005	1	10201006	1	10201007	1																												
12104004		10201001	2	10201002	2	10201003	2	10201004	1	10201005	1	10201006	1	10201007	1																												
12105004		10201001	2	10201002	2	10201003	2	10201004	1	10201005	1	10201006	1	10201007	1																												
12106004		10201001	2	10201002	2	10201003	2	10201004	1	10201005	1	10201006	1	10201007	1																												
																																											
12101005		10202001	2	10202002	2	10202003	2	10202004	1	10202005	1	10202006	1	10202007	1																												
12102005		10201001	12	10201002	12	10201003	12	10201004	6	10201005	6	10201006	6	10201007	6	10202001	8	10202002	8	10202003	8	10202004	4	10202005	4	10202006	4	10202007	4														
12103005		10201001	2	10201002	2	10201003	2	10201004	1	10201005	1	10201006	1	10201007	1																												
12104005		10201001	2	10201002	2	10201003	2	10201004	1	10201005	1	10201006	1	10201007	1																												
12105005		10201001	2	10201002	2	10201003	2	10201004	1	10201005	1	10201006	1	10201007	1																												
12106005		10201001	2	10201002	2	10201003	2	10201004	1	10201005	1	10201006	1	10201007	1																												
																																											
12101006		10202001	2	10202002	2	10202003	2	10202004	1	10202005	1	10202006	1	10202007	1																												
12102006		10201001	10	10201002	10	10201003	10	10201004	5	10201005	5	10201006	5	10201007	5	10202001	10	10202002	10	10202003	10	10202004	5	10202005	5	10202006	5	10202007	5														
12103006		10201001	2	10201002	2	10201003	2	10201004	1	10201005	1	10201006	1	10201007	1																												
12104006		10201001	2	10201002	2	10201003	2	10201004	1	10201005	1	10201006	1	10201007	1																												
12105006		10201001	2	10201002	2	10201003	2	10201004	1	10201005	1	10201006	1	10201007	1																												
12106006		10201001	2	10201002	2	10201003	2	10201004	1	10201005	1	10201006	1	10201007	1																												
																																											
12101007		10202001	2	10202002	2	10202003	2	10202004	1	10202005	1	10202006	1	10202007	1																												
12102007		10201001	8	10201002	8	10201003	8	10201004	4	10201005	4	10201006	4	10201007	4	10202001	12	10202002	12	10202003	12	10202004	6	10202005	6	10202006	6	10202007	6														
12103007		10201001	2	10201002	2	10201003	2	10201004	1	10201005	1	10201006	1	10201007	1																												
12104007		10201001	2	10201002	2	10201003	2	10201004	1	10201005	1	10201006	1	10201007	1																												
12105007		10201001	2	10201002	2	10201003	2	10201004	1	10201005	1	10201006	1	10201007	1																												
12106007		10201001	2	10201002	2	10201003	2	10201004	1	10201005	1	10201006	1	10201007	1																												
																																											
12101008		10202001	2	10202002	2	10202003	2	10202004	1	10202005	1	10202006	1	10202007	1																												
12102008		10201001	6	10201002	6	10201003	6	10201004	3	10201005	3	10201006	3	10201007	3	10202001	14	10202002	14	10202003	14	10202004	7	10202005	7	10202006	7	10202007	7														
12103008		10201001	2	10201002	2	10201003	2	10201004	1	10201005	1	10201006	1	10201007	1																												
12104008		10201001	2	10201002	2	10201003	2	10201004	1	10201005	1	10201006	1	10201007	1																												
12105008		10201001	2	10201002	2	10201003	2	10201004	1	10201005	1	10201006	1	10201007	1																												
12106008		10201001	2	10201002	2	10201003	2	10201004	1	10201005	1	10201006	1	10201007	1																												
																																											
12101009		10202001	2	10202002	2	10202003	2	10202004	1	10202005	1	10202006	1	10202007	1																												
12102009		10201001	4	10201002	4	10201003	4	10201004	2	10201005	2	10201006	2	10201007	2	10202001	16	10202002	16	10202003	16	10202004	8	10202005	8	10202006	8	10202007	8														
12103009		10201001	2	10201002	2	10201003	2	10201004	1	10201005	1	10201006	1	10201007	1																												
12104009		10201001	2	10201002	2	10201003	2	10201004	1	10201005	1	10201006	1	10201007	1																												
12105009		10201001	2	10201002	2	10201003	2	10201004	1	10201005	1	10201006	1	10201007	1																												
12106009		10201001	2	10201002	2	10201003	2	10201004	1	10201005	1	10201006	1	10201007	1																												
																																											
12101010		10202001	2	10202002	2	10202003	2	10202004	1	10202005	1	10202006	1	10202007	1																												
12102010		10202001	2	10202002	2	10202003	2	10202004	1	10202005	1	10202006	1	10202007	1																												
12103010		10201001	2	10201002	2	10201003	2	10201004	1	10201005	1	10201006	1	10201007	1																												
12104010		10201001	2	10201002	2	10201003	2	10201004	1	10201005	1	10201006	1	10201007	1																												
12105010		10201001	2	10201002	2	10201003	2	10201004	1	10201005	1	10201006	1	10201007	1																												
12106010		10201001	2	10201002	2	10201003	2	10201004	1	10201005	1	10201006	1	10201007	1																												
																																											
12101011		10202001	2	10202002	2	10202003	2	10202004	1	10202005	1	10202006	1	10202007	1																												
12102011		10202001	2	10202002	2	10202003	2	10202004	1	10202005	1	10202006	1	10202007	1																												
12103011		10201001	16	10201002	16	10201003	16	10201004	8	10201005	8	10201006	8	10201007	8	10202001	4	10202002	4	10202003	4	10202004	2	10202005	2	10202006	2	10202007	2														
12104011		10201001	2	10201002	2	10201003	2	10201004	1	10201005	1	10201006	1	10201007	1																												
12105011		10201001	2	10201002	2	10201003	2	10201004	1	10201005	1	10201006	1	10201007	1																												
12106011		10201001	2	10201002	2	10201003	2	10201004	1	10201005	1	10201006	1	10201007	1																												
																																											
12101012		10202001	2	10202002	2	10202003	2	10202004	1	10202005	1	10202006	1	10202007	1																												
12102012		10202001	2	10202002	2	10202003	2	10202004	1	10202005	1	10202006	1	10202007	1																												
12103012		10201001	12	10201002	12	10201003	12	10201004	6	10201005	6	10201006	6	10201007	6	10202001	8	10202002	8	10202003	8	10202004	4	10202005	4	10202006	4	10202007	4														
12104012		10201001	2	10201002	2	10201003	2	10201004	1	10201005	1	10201006	1	10201007	1																												
12105012		10201001	2	10201002	2	10201003	2	10201004	1	10201005	1	10201006	1	10201007	1																												
12106012		10201001	2	10201002	2	10201003	2	10201004	1	10201005	1	10201006	1	10201007	1																												
																																											
12101013		10202001	2	10202002	2	10202003	2	10202004	1	10202005	1	10202006	1	10202007	1																												
12102013		10202001	2	10202002	2	10202003	2	10202004	1	10202005	1	10202006	1	10202007	1																												
12103013		10201001	8	10201002	8	10201003	8	10201004	4	10201005	4	10201006	4	10201007	4	10202001	12	10202002	12	10202003	12	10202004	6	10202005	6	10202006	6	10202007	6														
12104013		10201001	2	10201002	2	10201003	2	10201004	1	10201005	1	10201006	1	10201007	1																												
12105013		10201001	2	10201002	2	10201003	2	10201004	1	10201005	1	10201006	1	10201007	1																												
12106013		10201001	2	10201002	2	10201003	2	10201004	1	10201005	1	10201006	1	10201007	1																												
																																											
12101014		10202001	2	10202002	2	10202003	2	10202004	1	10202005	1	10202006	1	10202007	1																												
12102014		10202001	2	10202002	2	10202003	2	10202004	1	10202005	1	10202006	1	10202007	1																												
12103014		10201001	4	10201002	4	10201003	4	10201004	2	10201005	2	10201006	2	10201007	2	10202001	16	10202002	16	10202003	16	10202004	8	10202005	8	10202006	8	10202007	8														
12104014		10201001	2	10201002	2	10201003	2	10201004	1	10201005	1	10201006	1	10201007	1																												
12105014		10201001	2	10201002	2	10201003	2	10201004	1	10201005	1	10201006	1	10201007	1																												
12106014		10201001	2	10201002	2	10201003	2	10201004	1	10201005	1	10201006	1	10201007	1																												
																																											
12101015		10202001	2	10202002	2	10202003	2	10202004	1	10202005	1	10202006	1	10202007	1																												
12102015		10202001	2	10202002	2	10202003	2	10202004	1	10202005	1	10202006	1	10202007	1																												
12103015		10202001	2	10202002	2	10202003	2	10202004	1	10202005	1	10202006	1	10202007	1																												
12104015		10201001	2	10201002	2	10201003	2	10201004	1	10201005	1	10201006	1	10201007	1																												
12105015		10201001	2	10201002	2	10201003	2	10201004	1	10201005	1	10201006	1	10201007	1																												
12106015		10201001	2	10201002	2	10201003	2	10201004	1	10201005	1	10201006	1	10201007	1																												
																																											
12101016		10202001	2	10202002	2	10202003	2	10202004	1	10202005	1	10202006	1	10202007	1																												
12102016		10202001	2	10202002	2	10202003	2	10202004	1	10202005	1	10202006	1	10202007	1																												
12103016		10202001	2	10202002	2	10202003	2	10202004	1	10202005	1	10202006	1	10202007	1																												
12104016		10201001	16	10201002	16	10201003	16	10201004	8	10201005	8	10201006	8	10201007	8	10202001	4	10202002	4	10202003	4	10202004	2	10202005	2	10202006	2	10202007	2														
12105016		10201001	2	10201002	2	10201003	2	10201004	1	10201005	1	10201006	1	10201007	1																												
12106016		10201001	2	10201002	2	10201003	2	10201004	1	10201005	1	10201006	1	10201007	1																												
																																											
12101017		10202001	2	10202002	2	10202003	2	10202004	1	10202005	1	10202006	1	10202007	1																												
12102017		10202001	2	10202002	2	10202003	2	10202004	1	10202005	1	10202006	1	10202007	1																												
12103017		10202001	2	10202002	2	10202003	2	10202004	1	10202005	1	10202006	1	10202007	1																												
12104017		10201001	12	10201002	12	10201003	12	10201004	6	10201005	6	10201006	6	10201007	6	10202001	8	10202002	8	10202003	8	10202004	4	10202005	4	10202006	4	10202007	4														
12105017		10201001	2	10201002	2	10201003	2	10201004	1	10201005	1	10201006	1	10201007	1																												
12106017		10201001	2	10201002	2	10201003	2	10201004	1	10201005	1	10201006	1	10201007	1																												
																																											
12101018		10202001	2	10202002	2	10202003	2	10202004	1	10202005	1	10202006	1	10202007	1																												
12102018		10202001	2	10202002	2	10202003	2	10202004	1	10202005	1	10202006	1	10202007	1																												
12103018		10202001	2	10202002	2	10202003	2	10202004	1	10202005	1	10202006	1	10202007	1																												
12104018		10201001	8	10201002	8	10201003	8	10201004	4	10201005	4	10201006	4	10201007	4	10202001	12	10202002	12	10202003	12	10202004	6	10202005	6	10202006	6	10202007	6														
12105018		10201001	2	10201002	2	10201003	2	10201004	1	10201005	1	10201006	1	10201007	1																												
12106018		10201001	2	10201002	2	10201003	2	10201004	1	10201005	1	10201006	1	10201007	1																												
																																											
12101019		10202001	2	10202002	2	10202003	2	10202004	1	10202005	1	10202006	1	10202007	1																												
12102019		10202001	2	10202002	2	10202003	2	10202004	1	10202005	1	10202006	1	10202007	1																												
12103019		10202001	2	10202002	2	10202003	2	10202004	1	10202005	1	10202006	1	10202007	1																												
12104019		10201001	4	10201002	4	10201003	4	10201004	2	10201005	2	10201006	2	10201007	2	10202001	16	10202002	16	10202003	16	10202004	8	10202005	8	10202006	8	10202007	8														
12105019		10201001	2	10201002	2	10201003	2	10201004	1	10201005	1	10201006	1	10201007	1																												
12106019		10201001	2	10201002	2	10201003	2	10201004	1	10201005	1	10201006	1	10201007	1																												
																																											
12101020		10202001	2	10202002	2	10202003	2	10202004	1	10202005	1	10202006	1	10202007	1																												
12102020		10202001	2	10202002	2	10202003	2	10202004	1	10202005	1	10202006	1	10202007	1																												
12103020		10202001	2	10202002	2	10202003	2	10202004	1	10202005	1	10202006	1	10202007	1																												
12104020		10202001	2	10202002	2	10202003	2	10202004	1	10202005	1	10202006	1	10202007	1																												
12105020		10201001	2	10201002	2	10201003	2	10201004	1	10201005	1	10201006	1	10201007	1																												
12106020		10201001	2	10201002	2	10201003	2	10201004	1	10201005	1	10201006	1	10201007	1																												
																																											
12101021		10202001	2	10202002	2	10202003	2	10202004	1	10202005	1	10202006	1	10202007	1																												
12102021		10202001	2	10202002	2	10202003	2	10202004	1	10202005	1	10202006	1	10202007	1																												
12103021		10202001	2	10202002	2	10202003	2	10202004	1	10202005	1	10202006	1	10202007	1																												
12104021		10202001	2	10202002	2	10202003	2	10202004	1	10202005	1	10202006	1	10202007	1																												
12105021		10201001	16	10201002	16	10201003	16	10201004	8	10201005	8	10201006	8	10201007	8	10202001	2	10202002	2	10202003	2	10202004	2	10202005	2	10202006	2	10202007	2														
12106021		10201001	2	10201002	2	10201003	2	10201004	1	10201005	1	10201006	1	10201007	1																												
																																											
12101022		10202001	2	10202002	2	10202003	2	10202004	1	10202005	1	10202006	1	10202007	1																												
12102022		10202001	2	10202002	2	10202003	2	10202004	1	10202005	1	10202006	1	10202007	1																												
12103022		10202001	2	10202002	2	10202003	2	10202004	1	10202005	1	10202006	1	10202007	1																												
12104022		10201001	2	10201002	2	10201003	2	10201004	1	10201005	1	10201006	1	10201007	1																												
12105022		10201001	12	10201002	12	10201003	12	10201004	6	10201005	6	10201006	6	10201007	6	10202001	4	10202002	4	10202003	4	10202004	4	10202005	4	10202006	4	10202007	4														
12106022		10201001	2	10201002	2	10201003	2	10201004	1	10201005	1	10201006	1	10201007	1																												
																																											
12101023		10202001	2	10202002	2	10202003	2	10202004	1	10202005	1	10202006	1	10202007	1																												
12102023		10202001	2	10202002	2	10202003	2	10202004	1	10202005	1	10202006	1	10202007	1																												
12103023		10202001	2	10202002	2	10202003	2	10202004	1	10202005	1	10202006	1	10202007	1																												
12104023		10202001	2	10202002	2	10202003	2	10202004	1	10202005	1	10202006	1	10202007	1																												
12105023		10201001	8	10201002	8	10201003	8	10201004	4	10201005	4	10201006	4	10201007	4	10202001	6	10202002	6	10202003	6	10202004	6	10202005	6	10202006	6	10202007	6														
12106023		10201001	2	10201002	2	10201003	2	10201004	1	10201005	1	10201006	1	10201007	1																												
																																											
12101024		10202001	2	10202002	2	10202003	2	10202004	1	10202005	1	10202006	1	10202007	1																												
12102024		10202001	2	10202002	2	10202003	2	10202004	1	10202005	1	10202006	1	10202007	1																												
12103024		10202001	2	10202002	2	10202003	2	10202004	1	10202005	1	10202006	1	10202007	1																												
12104024		10202001	2	10202002	2	10202003	2	10202004	1	10202005	1	10202006	1	10202007	1																												
12105024		10201001	4	10201002	4	10201003	4	10201004	2	10201005	2	10201006	2	10201007	2	10202001	8	10202002	8	10202003	8	10202004	8	10202005	8	10202006	8	10202007	8														
12106024		10201001	150	10201002	150	10201003	150	10201004	75	10201005	75	10201006	75	10201007	75	10203001	25	10203002	25	10203003	25	10203004	25	10203005	25	10203006	25	10203007	25														
																																											
12101025		10202001	2	10202002	2	10202003	2	10202004	1	10202005	1	10202006	1	10202007	1																												
12102025		10202001	2	10202002	2	10202003	2	10202004	1	10202005	1	10202006	1	10202007	1																												
12103025		10202001	2	10202002	2	10202003	2	10202004	1	10202005	1	10202006	1	10202007	1																												
12104025		10202001	2	10202002	2	10202003	2	10202004	1	10202005	1	10202006	1	10202007	1																												
12105025		10202001	2	10202002	2	10202003	2	10202004	1	10202005	1	10202006	1	10202007	1																												
12106025		10201001	100	10201002	100	10201003	100	10201004	50	10201005	50	10201006	50	10201007	50	10203001	50	10203002	50	10203003	50	10203004	50	10203005	50	10203006	50	10203007	50														
																																											
12101026		10201001	2	10201002	2	10201003	2	10201004	1	10201005	1	10201006	1	10201007	1																												
12102026		10202001	2	10202002	2	10202003	2	10202004	1	10202005	1	10202006	1	10202007	1																												
12103026		10202001	2	10202002	2	10202003	2	10202004	1	10202005	1	10202006	1	10202007	1																												
12104026		10202001	2	10202002	2	10202003	2	10202004	1	10202005	1	10202006	1	10202007	1																												
12105026		10202001	2	10202002	2	10202003	2	10202004	1	10202005	1	10202006	1	10202007	1																												
12106026		10201001	50	10201002	50	10201003	50	10201004	25	10201005	25	10201006	25	10201007	25	10203001	75	10203002	75	10203003	75	10203004	75	10203005	75	10203006	75	10203007	75														
																																											
12101027		10202001	2	10202002	2	10202003	2	10202004	1	10202005	1	10202006	1	10202007	1																												
12102027		10202001	2	10202002	2	10202003	2	10202004	1	10202005	1	10202006	1	10202007	1																												
12103027		10202001	2	10202002	2	10202003	2	10202004	1	10202005	1	10202006	1	10202007	1																												
12104027		10202001	2	10202002	2	10202003	2	10202004	1	10202005	1	10202006	1	10202007	1																												
12105027		10202001	2	10202002	2	10202003	2	10202004	1	10202005	1	10202006	1	10202007	1																												
12106027		10203001	2	10203002	2	10203003	2	10203004	1	10203005	1	10203006	1	10203007	1																												
																																											
12101028		10202001	150	10202002	150	10202003	150	10202004	75	10202005	75	10202006	75	10202007	75	10203001	25	10203002	25	10203003	25	10203004	25	10203005	25	10203006	25	10203007	25														
12102028		10202001	150	10202002	150	10202003	150	10202004	75	10202005	75	10202006	75	10202007	75	10204001	25	10204002	25	10204003	25	10204004	25	10204005	25	10204006	25	10204007	25														
12103028		10202001	2	10202002	2	10202003	2	10202004	1	10202005	1	10202006	1	10202007	1																												
12104028		10202001	2	10202002	2	10202003	2	10202004	1	10202005	1	10202006	1	10202007	1																												
12105028		10202001	2	10202002	2	10202003	2	10202004	1	10202005	1	10202006	1	10202007	1																												
12106028		10203001	2	10203002	2	10203003	2	10203004	1	10203005	1	10203006	1	10203007	1																												
																																											
12101029		10202001	100	10202002	100	10202003	100	10202004	50	10202005	50	10202006	50	10202007	50	10203001	50	10203002	50	10203003	50	10203004	50	10203005	50	10203006	50	10203007	50														
12102029		10202001	100	10202002	100	10202003	100	10202004	50	10202005	50	10202006	50	10202007	50	10204001	50	10204002	50	10204003	50	10204004	50	10204005	50	10204006	50	10204007	50														
12103029		10202001	2	10202002	2	10202003	2	10202004	1	10202005	1	10202006	1	10202007	1																												
12104029		10202001	2	10202002	2	10202003	2	10202004	1	10202005	1	10202006	1	10202007	1																												
12105029		10202001	2	10202002	2	10202003	2	10202004	1	10202005	1	10202006	1	10202007	1																												
12106029		10203001	2	10203002	2	10203003	2	10203004	1	10203005	1	10203006	1	10203007	1																												
																																											
12101030		10202001	50	10202002	50	10202003	50	10202004	25	10202005	25	10202006	25	10202007	25	10203001	75	10203002	75	10203003	75	10203004	75	10203005	75	10203006	75	10203007	75														
12102030		10202001	50	10202002	50	10202003	50	10202004	25	10202005	25	10202006	25	10202007	25	10204001	75	10204002	75	10204003	75	10204004	75	10204005	75	10204006	75	10204007	75														
12103030		10202001	2	10202002	2	10202003	2	10202004	1	10202005	1	10202006	1	10202007	1																												
12104030		10202001	2	10202002	2	10202003	2	10202004	1	10202005	1	10202006	1	10202007	1																												
12105030		10202001	2	10202002	2	10202003	2	10202004	1	10202005	1	10202006	1	10202007	1																												
12106030		10203001	2	10203002	2	10203003	2	10203004	1	10203005	1	10203006	1	10203007	1																												
																																											
12101031		10203001	2	10203002	2	10203003	2	10203004	1	10203005	1	10203006	1	10203007	1																												
12102031		10204001	2	10204002	2	10204003	2	10204004	1	10204005	1	10204006	1	10204007	1																												
12103031		10202001	2	10202002	2	10202003	2	10202004	1	10202005	1	10202006	1	10202007	1																												
12104031		10202001	2	10202002	2	10202003	2	10202004	1	10202005	1	10202006	1	10202007	1																												
12105031		10202001	2	10202002	2	10202003	2	10202004	1	10202005	1	10202006	1	10202007	1																												
12106031		10203001	2	10203002	2	10203003	2	10203004	1	10203005	1	10203006	1	10203007	1																												
																																											
12101032		10203001	2	10203002	2	10203003	2	10203004	1	10203005	1	10203006	1	10203007	1																												
12102032		10204001	2	10204002	2	10204003	2	10204004	1	10204005	1	10204006	1	10204007	1																												
12103032		10202001	150	10202002	150	10202003	150	10202004	75	10202005	75	10202006	75	10202007	75	10203001	25	10203002	25	10203003	25	10203004	25	10203005	25	10203006	25	10203007	25														
12104032		10202001	150	10202002	150	10202003	150	10202004	75	10202005	75	10202006	75	10202007	75	10204001	25	10204002	25	10204003	25	10204004	25	10204005	25	10204006	25	10204007	25														
12105032		10202001	2	10202002	2	10202003	2	10202004	1	10202005	1	10202006	1	10202007	1																												
12106032		10203001	2	10203002	2	10203003	2	10203004	1	10203005	1	10203006	1	10203007	1																												
																																											
12101033		10203001	2	10203002	2	10203003	2	10203004	1	10203005	1	10203006	1	10203007	1																												
12102033		10204001	2	10204002	2	10204003	2	10204004	1	10204005	1	10204006	1	10204007	1																												
12103033		10202001	100	10202002	100	10202003	100	10202004	50	10202005	50	10202006	50	10202007	50	10203001	50	10203002	50	10203003	50	10203004	50	10203005	50	10203006	50	10203007	50														
12104033		10202001	100	10202002	100	10202003	100	10202004	50	10202005	50	10202006	50	10202007	50	10204001	50	10204002	50	10204003	50	10204004	50	10204005	50	10204006	50	10204007	50														
12105033		10202001	2	10202002	2	10202003	2	10202004	1	10202005	1	10202006	1	10202007	1																												
12106033		10203001	2	10203002	2	10203003	2	10203004	1	10203005	1	10203006	1	10203007	1																												
																																											
12101034		10203001	2	10203002	2	10203003	2	10203004	1	10203005	1	10203006	1	10203007	1																												
12102034		10204001	2	10204002	2	10204003	2	10204004	1	10204005	1	10204006	1	10204007	1																												
12103034		10202001	50	10202002	50	10202003	50	10202004	25	10202005	25	10202006	25	10202007	25	10203001	75	10203002	75	10203003	75	10203004	75	10203005	75	10203006	75	10203007	75														
12104034		10202001	50	10202002	50	10202003	50	10202004	25	10202005	25	10202006	25	10202007	25	10204001	75	10204002	75	10204003	75	10204004	75	10204005	75	10204006	75	10204007	75														
12105034		10202001	2	10202002	2	10202003	2	10202004	1	10202005	1	10202006	1	10202007	1																												
12106034		10203001	2	10203002	2	10203003	2	10203004	1	10203005	1	10203006	1	10203007	1																												
																																											
12101035		10203001	2	10203002	2	10203003	2	10203004	1	10203005	1	10203006	1	10203007	1																												
12102035		10204001	2	10204002	2	10204003	2	10204004	1	10204005	1	10204006	1	10204007	1																												
12103035		10203001	2	10203002	2	10203003	2	10203004	1	10203005	1	10203006	1	10203007	1																												
12104035		10204001	2	10204002	2	10204003	2	10204004	1	10204005	1	10204006	1	10204007	1																												
12105035		10202001	2	10202002	2	10202003	2	10202004	1	10202005	1	10202006	1	10202007	1																												
12106035		10203001	2	10203002	2	10203003	2	10203004	1	10203005	1	10203006	1	10203007	1																												
																																											
12101036		10203001	2	10203002	2	10203003	2	10203004	1	10203005	1	10203006	1	10203007	1																												
12102036		10204001	2	10204002	2	10204003	2	10204004	1	10204005	1	10204006	1	10204007	1																												
12103036		10203001	2	10203002	2	10203003	2	10203004	1	10203005	1	10203006	1	10203007	1																												
12104036		10204001	2	10204002	2	10204003	2	10204004	1	10204005	1	10204006	1	10204007	1																												
12105036		10202001	100	10202002	100	10202003	100	10202004	50	10202005	50	10202006	50	10202007	50	10203001	50	10203002	50	10203003	50	10203004	50	10203005	50	10203006	50	10203007	50														
12106036		10203001	50	10203002	50	10203003	50	10203004	25	10203005	25	10203006	25	10203007	25	10204001	75	10204002	75	10204003	75	10204004	75	10204005	75	10204006	75	10204007	75														
																																											
12101037		10203001	2	10203002	2	10203003	2	10203004	1	10203005	1	10203006	1	10203007	1																												
12102037		10203001	2	10203002	2	10203003	2	10203004	1	10203005	1	10203006	1	10203007	1																												
12103037		10203001	2	10203002	2	10203003	2	10203004	1	10203005	1	10203006	1	10203007	1																												
12104037		10203001	100	10203002	100	10203003	100	10203004	50	10203005	50	10203006	50	10203007	50	10204001	50	10204002	50	10204003	50	10204004	50	10204005	50	10204006	50	10204007	50														
12105037		10204001	2	10204002	2	10204003	2	10204004	1	10204005	1	10204006	1	10204007	1																												
12106037		10204001	2	10204002	2	10204003	2	10204004	1	10204005	1	10204006	1	10204007	1																												
																																											
12101038		10203001	150	10203002	150	10203003	150	10203004	75	10203005	75	10203006	75	10203007	75	10205001	25	10205002	25	10205003	25	10205004	25	10205005	25	10205006	25	10205007	25														
12102038		10203001	2	10203002	2	10203003	2	10203004	1	10203005	1	10203006	1	10203007	1																												
12103038		10203001	2	10203002	2	10203003	2	10203004	1	10203005	1	10203006	1	10203007	1																												
12104038		10203001	50	10203002	50	10203003	50	10203004	25	10203005	25	10203006	25	10203007	25	10204001	75	10204002	75	10204003	75	10204004	75	10204005	75	10204006	75	10204007	75														
12105038		10204001	2	10204002	2	10204003	2	10204004	1	10204005	1	10204006	1	10204007	1																												
12106038		10204001	2	10204002	2	10204003	2	10204004	1	10204005	1	10204006	1	10204007	1																												
																																											
12101039		10203001	50	10203002	50	10203003	50	10203004	50	10203005	50	10203006	50	10203007	50	10205001	50	10205002	50	10205003	50	10205004	50	10205005	50	10205006	50	10205007	50														
12102039		10203001	1	10203002	1	10203003	1	10203004	1	10203005	1	10203006	1	10203007	1																												
12103039		10203001	1	10203002	1	10203003	1	10203004	1	10203005	1	10203006	1	10203007	1																												
12104039		10204001	1	10204002	1	10204003	1	10204004	1	10204005	1	10204006	1	10204007	1																												
12105039		10204001	1	10204002	1	10204003	1	10204004	1	10204005	1	10204006	1	10204007	1																												
12106039		10204001	1	10204002	1	10204003	1	10204004	1	10204005	1	10204006	1	10204007	1																												
																																											
12101040		10203001	25	10203002	25	10203003	25	10203004	25	10203005	25	10203006	25	10203007	25	10205001	75	10205002	75	10205003	75	10205004	75	10205005	75	10205006	75	10205007	75														
12102040		10203001	75	10203002	75	10203003	75	10203004	75	10203005	75	10203006	75	10203007	75	10204001	25	10204002	25	10204003	25	10204004	25	10204005	25	10204006	25	10204007	25														
12103040		10203001	1	10203002	1	10203003	1	10203004	1	10203005	1	10203006	1	10203007	1																												
12104040		10204001	1	10204002	1	10204003	1	10204004	1	10204005	1	10204006	1	10204007	1																												
12105040		10204001	1	10204002	1	10204003	1	10204004	1	10204005	1	10204006	1	10204007	1																												
12106040		10204001	1	10204002	1	10204003	1	10204004	1	10204005	1	10204006	1	10204007	1																												
																																											
12101041		10205001	1	10205002	1	10205003	1	10205004	1	10205005	1	10205006	1	10205007	1																												
12102041		10203001	50	10203002	50	10203003	50	10203004	50	10203005	50	10203006	50	10203007	50	10204001	50	10204002	50	10204003	50	10204004	50	10204005	50	10204006	50	10204007	50														
12103041		10203001	1	10203002	1	10203003	1	10203004	1	10203005	1	10203006	1	10203007	1																												
12104041		10204001	1	10204002	1	10204003	1	10204004	1	10204005	1	10204006	1	10204007	1																												
12105041		10204001	1	10204002	1	10204003	1	10204004	1	10204005	1	10204006	1	10204007	1																												
12106041		10204001	1	10204002	1	10204003	1	10204004	1	10204005	1	10204006	1	10204007	1																												
																																											
12101042		10205001	1	10205002	1	10205003	1	10205004	1	10205005	1	10205006	1	10205007	1																												
12102042		10203001	25	10203002	25	10203003	25	10203004	25	10203005	25	10203006	25	10203007	25	10204001	75	10204002	75	10204003	75	10204004	75	10204005	75	10204006	75	10204007	75														
12103042		10203001	75	10203002	75	10203003	75	10203004	75	10203005	75	10203006	75	10203007	75	10205001	25	10205002	25	10205003	25	10205004	25	10205005	25	10205006	25	10205007	25														
12104042		10204001	1	10204002	1	10204003	1	10204004	1	10204005	1	10204006	1	10204007	1																												
12105042		10204001	1	10204002	1	10204003	1	10204004	1	10204005	1	10204006	1	10204007	1																												
12106042		10204001	1	10204002	1	10204003	1	10204004	1	10204005	1	10204006	1	10204007	1																												
																																											
12101043		10205001	1	10205002	1	10205003	1	10205004	1	10205005	1	10205006	1	10205007	1																												
12102043		10204001	1	10204002	1	10204003	1	10204004	1	10204005	1	10204006	1	10204007	1																												
12103043		10203001	50	10203002	50	10203003	50	10203004	50	10203005	50	10203006	50	10203007	50	10205001	50	10205002	50	10205003	50	10205004	50	10205005	50	10205006	50	10205007	50														
12104043		10204001	1	10204002	1	10204003	1	10204004	1	10204005	1	10204006	1	10204007	1																												
12105043		10204001	1	10204002	1	10204003	1	10204004	1	10204005	1	10204006	1	10204007	1																												
12106043		10204001	1	10204002	1	10204003	1	10204004	1	10204005	1	10204006	1	10204007	1																												
																																											
12101044		10205001	1	10205002	1	10205003	1	10205004	1	10205005	1	10205006	1	10205007	1																												
12102044		10204001	75	10204002	75	10204003	75	10204004	75	10204005	75	10204006	75	10204007	75	10205001	25	10205002	25	10205003	25	10205004	25	10205005	25	10205006	25	10205007	25														
12103044		10203001	25	10203002	25	10203003	25	10203004	25	10203005	25	10203006	25	10203007	25	10205001	75	10205002	75	10205003	75	10205004	75	10205005	75	10205006	75	10205007	75														
12104044		10204001	1	10204002	1	10204003	1	10204004	1	10204005	1	10204006	1	10204007	1																												
12105044		10204001	1	10204002	1	10204003	1	10204004	1	10204005	1	10204006	1	10204007	1																												
12106044		10204001	1	10204002	1	10204003	1	10204004	1	10204005	1	10204006	1	10204007	1																												
																																											
12101045		10205001	1	10205002	1	10205003	1	10205004	1	10205005	1	10205006	1	10205007	1																												
12102045		10204001	50	10204002	50	10204003	50	10204004	50	10204005	50	10204006	50	10204007	50	10205001	50	10205002	50	10205003	50	10205004	50	10205005	50	10205006	50	10205007	50														
12103045		10205001	1	10205002	1	10205003	1	10205004	1	10205005	1	10205006	1	10205007	1																												
12104045		10204001	1	10204002	1	10204003	1	10204004	1	10204005	1	10204006	1	10204007	1																												
12105045		10204001	1	10204002	1	10204003	1	10204004	1	10204005	1	10204006	1	10204007	1																												
12106045		10204001	1	10204002	1	10204003	1	10204004	1	10204005	1	10204006	1	10204007	1																												
																																											
12101046		10205001	1	10205002	1	10205003	1	10205004	1	10205005	1	10205006	1	10205007	1																												
12102046		10204001	25	10204002	25	10204003	25	10204004	25	10204005	25	10204006	25	10204007	25	10205001	75	10205002	75	10205003	75	10205004	75	10205005	75	10205006	75	10205007	75														
12103046		10205001	1	10205002	1	10205003	1	10205004	1	10205005	1	10205006	1	10205007	1																												
12104046		10204001	1	10204002	1	10204003	1	10204004	1	10204005	1	10204006	1	10204007	1																												
12105046		10204001	1	10204002	1	10204003	1	10204004	1	10204005	1	10204006	1	10204007	1																												
12106046		10204001	1	10204002	1	10204003	1	10204004	1	10204005	1	10204006	1	10204007	1																												
																																											
12101047		10205001	1	10205002	1	10205003	1	10205004	1	10205005	1	10205006	1	10205007	1																												
12102047		10205001	1	10205002	1	10205003	1	10205004	1	10205005	1	10205006	1	10205007	1																												
12103047		10205001	1	10205002	1	10205003	1	10205004	1	10205005	1	10205006	1	10205007	1																												
12104047		10204001	1	10204002	1	10204003	1	10204004	1	10204005	1	10204006	1	10204007	1																												
12105047		10204001	1	10204002	1	10204003	1	10204004	1	10204005	1	10204006	1	10204007	1																												
12106047		10204001	1	10204002	1	10204003	1	10204004	1	10204005	1	10204006	1	10204007	1																												
																																											
12101048		10205001	1	10205002	1	10205003	1	10205004	1	10205005	1	10205006	1	10205007	1																												
12102048		10205001	1	10205002	1	10205003	1	10205004	1	10205005	1	10205006	1	10205007	1																												
12103048		10205001	1	10205002	1	10205003	1	10205004	1	10205005	1	10205006	1	10205007	1																												
12104048		10204001	75	10204002	75	10204003	75	10204004	75	10204005	75	10204006	75	10204007	75	10205001	25	10205002	25	10205003	25	10205004	25	10205005	25	10205006	25	10205007	25														
12105048		10204001	1	10204002	1	10204003	1	10204004	1	10204005	1	10204006	1	10204007	1																												
12106048		10204001	1	10204002	1	10204003	1	10204004	1	10204005	1	10204006	1	10204007	1																												
																																											
12101049		10205001	1	10205002	1	10205003	1	10205004	1	10205005	1	10205006	1	10205007	1																												
12102049		10205001	1	10205002	1	10205003	1	10205004	1	10205005	1	10205006	1	10205007	1																												
12103049		10205001	1	10205002	1	10205003	1	10205004	1	10205005	1	10205006	1	10205007	1																												
12104049		10204001	50	10204002	50	10204003	50	10204004	50	10204005	50	10204006	50	10204007	50	10205001	50	10205002	50	10205003	50	10205004	50	10205005	50	10205006	50	10205007	50														
12105049		10204001	1	10204002	1	10204003	1	10204004	1	10204005	1	10204006	1	10204007	1																												
12106049		10204001	1	10204002	1	10204003	1	10204004	1	10204005	1	10204006	1	10204007	1																												
																																											
12101050		10205001	1	10205002	1	10205003	1	10205004	1	10205005	1	10205006	1	10205007	1																												
12102050		10205001	1	10205002	1	10205003	1	10205004	1	10205005	1	10205006	1	10205007	1																												
12103050		10205001	1	10205002	1	10205003	1	10205004	1	10205005	1	10205006	1	10205007	1																												
12104050		10204001	25	10204002	25	10204003	25	10204004	25	10204005	25	10204006	25	10204007	25	10205001	75	10205002	75	10205003	75	10205004	75	10205005	75	10205006	75	10205007	75														
12105050		10204001	1	10204002	1	10204003	1	10204004	1	10204005	1	10204006	1	10204007	1																												
12106050		10204001	1	10204002	1	10204003	1	10204004	1	10204005	1	10204006	1	10204007	1																												
																																											
12800001		90001001	2120	90002001	810	90003001	270	90004001	90	90005001	30	90006001	10																														
1280000101		10001001	2120	20001001	2120	30001001	2120	10002001	810	20002001	810	30002001	810	10003001	270	20003001	270	30003001	270	10004001	90	20004001	90	30004001	90	10005001	30	20005001	30	30005001	30	10006001	10	20006001	10	30006001	10						
12800002		10004001	2120	20004001	2120	30004001	2120	10005001	810	20005001	810	30005001	810	10006001	270	20006001	270	30006001	270	10007001	90	20007001	90	30007001	90	10008001	30	20008001	30	30008001	30	10009001	10	20009001	10	30009001	10						
12800003		10007001	2120	20007001	2120	30007001	2120	10008001	810	20008001	810	30008001	810	10009001	270	20009001	270	30009001	270	10010001	90	20010001	90	30010001	90	10011001	30	20011001	30	30011001	30	10012001	10	20012001	10	30012001	10						
12800004		10010001	2120	20010001	2120	30010001	2120	10011001	810	20011001	810	30011001	810	10012001	270	20012001	270	30012001	270	10013001	90	20013001	90	30013001	90	10014001	30	20014001	30	30014001	30	10015001	10	20015001	10	30015001	10						
12800005		10013001	2120	20013001	2120	30013001	2120	10014001	810	20014001	810	30014001	810	10015001	270	20015001	270	30015001	270	10016001	90	20016001	90	30016001	90	10017001	30	20017001	30	30017001	30	10018001	10	20018001	10	30018001	10						
																																											
																																											
81085		1100100201	1	1100200201	1	1100300201	2	1100400201	2																																		
																																											
80040		10205501	2	10205502	2	10205503	2	10205504	1	10205505	1	10205506	1	10205507	1																												
																																											
12810001		1000901	9000	1000906	1000																																						
12820001		1000901	7500	1000906	2500																																						
12830001		1000901	8000	1000906	2000																																						
12810002		1000901	8250	1000906	1750																																						
12820002		1000901	6000	1000906	4000																																						
12830002		1000901	6000	1000906	4000																																						
12810003		1000901	7500	1000906	2500																																						
12820003		1000901	4500	1000906	5500																																						
12830003		1000901	4000	1000906	6000																																						
12810004		1000902	8625	1001001	1375																																						
12820004		1000902	6000	1001001	4000																																						
12830004		1000902	5000	1001001	5000																																						
12810005		1000902	8250	1001001	1750																																						
12820005		1000902	5250	1001001	4750																																						
12830005		1000902	4000	1001001	6000																																						
12810006		1000902	7875	1001001	2125																																						
12820006		1000902	4500	1001001	5500																																						
12830006		1000902	3000	1001001	7000																																						
12810007		1000903	8928	1001002	1072																																						
12820007		1000903	6785	1001002	3215																																						
12830007		1000903	5714	1001002	4286																																						
12810008		1000903	8750	1001002	1250																																						
12820008		1000903	6428	1001002	3572																																						
12830008		1000903	5238	1001002	4762																																						
12810009		1000903	8571	1001002	1429																																						
12820009		1000903	6071	1001002	3929																																						
12830009		1000903	4761	1001002	5239																																						
12810010		1000904	9023	1001003	977																																						
12820010		1000904	7031	1001003	2969																																						
12830010		1000904	5937	1001003	4063																																						
12810011		1000904	8906	1001003	1094																																						
12820011		1000904	6796	1001003	3204																																						
12830011		1000904	5625	1001003	4375																																						
12810012		1000904	8789	1001003	1211																																						
12820012		1000904	6562	1001003	3438																																						
12830012		1000904	5312	1001003	4688																																						
12810013		1000905	9069	1001101	931																																						
12820013		1000905	7151	1001101	2849																																						
12830013		1000905	6046	1001101	3954																																						
12810014		1000905	8982	1001101	1018																																						
12820014		1000905	6976	1001101	3024																																						
12830014		1000905	5813	1001101	4187																																						
12810015		1000905	8895	1001101	1105																																						
12820015		1000905	6802	1001101	3198																																						
12830015		1000905	5581	1001101	4419																																						
12810016		1000906	8839	1001101	1161																																						
12820016		1000906	6428	1001101	3572																																						
12830016		1000906	5000	1001101	5000																																						
12810017		1000906	8750	1001101	1250																																						
12820017		1000906	6250	1001101	3750																																						
12830017		1000906	4761	1001101	5239																																						
12810018		1000906	8660	1001101	1340																																						
12820018		1000906	6071	1001101	3929																																						
12830018		1000906	4523	1001101	5477																																						
